1 2 797 1237 
1 2 797 932 
1 3 797 1237 1179 
1 2 797 1084 
1 3 896 976 1047 
1 2 896 976 
1 2 896 1198 
1 2 896 1160 
1 2 932 797 
1 2 932 1198 
1 2 976 1047 
1 2 976 1047 
1 2 976 896 
1 3 976 896 1160 
1 5 976 896 1198 932 1084 
1 3 976 896 1198 
1 5 976 896 1198 932 1084 
1 2 1141 1179 
1 2 1141 1237 
1 3 1160 896 976 
1 2 1160 896 
1 2 1160 2190 
1 2 1179 1141 
1 3 1179 1237 797 
1 3 1179 1084 838 
1 2 1198 896 
1 3 1198 896 976 
1 2 1198 932 
1 2 1237 1141 
1 2 1237 797 
1 2 2190 1160 
1 2 1311 1341 
1 2 1311 1341 
1 2 1311 1345 
1 2 1312 1345 
1 2 1315 1369 
1 2 1315 1385 
1 2 1315 1385 
1 2 1315 1385 
1 4 1316 1360 1389 1375 
1 2 1316 2171 
1 2 1317 1382 
1 2 1317 1382 
1 3 1318 1314 1372 
1 3 1318 1392 1364 
1 2 1318 1335 
1 2 1321 1358 
1 2 1322 1371 
1 2 1322 1905 
1 2 1324 1361 
1 4 1324 1361 1396 1391 
1 3 1324 1375 1389 
1 2 1326 1381 
1 2 1326 1381 
1 2 1327 1366 
1 3 1327 1366 1343 
1 2 1330 1357 
1 3 1330 1367 1396 
1 3 1331 1342 1384 
1 2 1331 1365 
1 2 1331 1386 
1 2 1331 1365 
1 2 1333 1374 
1 2 1333 1358 
1 2 1334 1384 
1 3 1335 1336 1363 
1 15 1335 1336 1363 1387 1353 1346 1379 1348 1359 1397 1332 1320 1352 1364 1392 
1 2 1335 1318 
1 2 1336 1399 
1 14 1336 1363 1387 1353 1346 1379 1348 1359 1397 1332 1320 1352 1364 1392 
1 2 1337 1355 
1 2 1337 1350 
1 2 1338 1388 
1 3 1338 1337 1355 
1 3 1339 1330 1399 
1 2 1339 1356 
1 2 1340 1341 
1 2 1341 1340 
1 3 1341 1340 1394 
1 2 1341 1311 
1 2 1341 1398 
1 2 1341 1311 
1 2 1342 1384 
1 2 1342 1386 
1 3 1343 1366 1327 
1 2 1343 1368 
1 4 1345 1312 1350 1368 
1 2 1345 1312 
1 2 1345 1365 
1 2 1345 1311 
1 2 1347 1368 
1 2 1350 1337 
1 2 1350 1365 
1 3 1351 1369 1378 
1 3 1351 1321 1358 
1 2 1351 1369 
1 2 1353 1387 
1 5 1353 1346 1379 1395 1346 
1 2 1353 1346 
1 3 1353 1346 1325 
1 4 1354 1333 1330 1357 
1 3 1355 1337 1338 
1 2 1355 1337 
1 2 1356 1339 
1 2 1356 1391 
1 4 1357 1330 1333 1354 
1 2 1357 1367 
1 2 1357 1330 
1 2 1358 1333 
1 2 1358 1321 
1 3 1358 1321 1351 
1 2 1360 1873 
1 2 1360 1389 
1 2 1360 1384 
1 3 1360 1384 1386 
1 2 1361 1324 
1 2 1363 1376 
1 3 1363 1376 1399 
1 3 1363 1336 1335 
1 2 1365 1331 
1 2 1365 1345 
1 2 1365 1350 
1 2 1365 1331 
1 2 1366 1327 
1 2 1367 1377 
1 2 1367 1357 
1 2 1368 1343 
1 2 1368 1347 
1 4 1368 1343 1394 1345 
1 2 1369 1378 
1 2 1369 1351 
1 2 1369 1315 
1 2 1371 2035 
1 2 1371 2035 
1 2 1371 1322 
1 2 1374 1378 
1 2 1374 1378 
1 2 1374 1333 
1 2 1375 1873 
1 4 1375 1389 1360 1316 
1 2 1375 1385 
1 2 1375 1389 
1 2 1376 1387 
1 2 1376 1363 
1 2 1377 1367 
1 2 1378 1374 
1 2 1378 1369 
1 7 1378 1374 1333 1317 1376 1363 1314 
1 2 1378 1374 
1 3 1378 1369 1351 
1 2 1381 1326 
1 2 1381 1326 
1 2 1381 1989 
1 2 1381 1989 
1 2 1382 1317 
1 2 1382 1387 
1 2 1382 1387 
1 2 1382 1317 
1 2 1382 1387 
1 2 1384 1334 
1 2 1384 1360 
1 2 1384 1342 
1 3 1384 1342 1331 
1 2 1385 1315 
1 2 1385 1315 
1 2 1385 1315 
1 2 1385 1375 
1 3 1386 1316 1360 
1 2 1386 1342 
1 2 1386 1331 
1 2 1387 1382 
1 2 1387 1353 
1 2 1387 1382 
1 2 1387 1382 
1 2 1387 1376 
1 2 1388 1338 
1 2 1389 1873 
1 3 1389 1375 1324 
1 2 1389 1375 
1 2 1389 1360 
1 2 1390 1784 
1 2 1390 1784 
1 4 1391 1396 1361 1324 
1 2 1391 1396 
1 2 1391 1356 
1 3 1394 1340 1341 
1 3 1396 1367 1330 
1 2 1396 1391 
1 2 1398 1341 
1 3 1399 1376 1363 
1 3 1399 1330 1339 
1 2 1399 1336 
1 2 1441 1447 
1 2 1441 1591 
1 2 1441 1990 
1 2 1441 1447 
1 2 1441 1447 
1 2 1442 2277 
1 2 1442 1934 
1 2 1442 1446 
1 2 1442 1446 
1 3 1442 1446 1562 
1 2 1443 1446 
1 2 1443 1448 
1 4 1444 1448 1623 1622 
1 3 1445 1780 1591 
1 2 1445 1780 
1 2 1446 1443 
1 2 1446 1442 
1 2 1446 1442 
1 2 1446 2227 
1 2 1447 1441 
1 2 1447 1441 
1 2 1447 1441 
1 2 1448 1623 
1 3 1448 1623 1622 
1 3 1448 1623 1622 
1 2 1448 1443 
1 3 1448 1444 1449 
1 3 1449 1444 1448 
1 3 1562 1446 1442 
1 2 1576 1854 
1 3 1576 1854 2177 
1 2 1591 1441 
1 3 1591 1780 1445 
1 2 1598 1599 
1 2 1598 1620 
1 2 1598 1599 
1 2 1599 1598 
1 2 1599 1598 
1 2 1602 1694 
1 2 1615 1686 
1 2 1615 1686 
1 2 1615 1774 
1 2 1620 1598 
1 2 1620 2177 
1 3 1622 1623 1448 
1 3 1622 1623 1448 
1 4 1622 1623 1448 1444 
1 2 1623 1448 
1 2 1638 2229 
1 2 1639 1811 
1 2 1639 1811 
1 2 1667 1847 
1 2 1667 2175 
1 2 1667 1847 
1 2 1668 2278 
1 2 1673 1714 
1 2 1673 2278 
1 2 1682 1954 
1 2 1682 2278 
1 2 1686 1615 
1 2 1686 1615 
1 2 1691 1908 
1 2 1694 1602 
1 2 1708 2038 
1 2 1714 2106 
1 2 1714 1673 
1 2 1719 2281 
1 2 1719 1936 
1 2 1735 2288 
1 2 1735 2288 
1 2 1740 2281 
1 2 1740 2280 
1 2 1740 1954 
1 2 1743 1773 
1 2 1743 1773 
1 2 1743 1874 
1 2 1751 1755 
1 2 1755 1751 
1 2 1757 2067 
1 2 1757 1774 
1 2 1773 1743 
1 2 1773 1743 
1 2 1774 1757 
1 2 1774 1615 
1 2 1778 1975 
1 2 1780 1445 
1 2 1784 1390 
1 2 1784 1390 
1 2 1811 1639 
1 2 1811 1639 
1 2 1839 1873 
1 2 1839 1873 
1 2 1847 1667 
1 2 1847 1667 
1 2 1854 1576 
1 2 1855 1934 
1 2 1855 2065 
1 2 1863 2229 
1 2 1873 1375 
1 2 1873 1839 
1 2 1873 1389 
1 2 1873 1839 
1 2 1873 1360 
1 2 1874 1743 
1 2 1891 2175 
1 2 1905 1322 
1 2 1908 1909 
1 2 1908 1691 
1 2 1909 1908 
1 2 1933 2287 
1 2 1934 1442 
1 2 1934 1855 
1 2 1934 1935 
1 2 1934 1935 
1 2 1935 1934 
1 2 1935 1934 
1 2 1936 2281 
1 2 1936 1719 
1 2 1954 1740 
1 2 1954 1682 
1 2 1975 1778 
1 2 1989 1381 
1 2 1989 1381 
1 2 1990 1441 
1 2 1991 2227 
1 2 2035 1371 
1 2 2035 1371 
1 2 2038 1708 
1 2 2065 1855 
1 2 2067 1757 
1 2 2067 2230 
1 2 2106 1714 
1 2 2171 1316 
1 2 2175 1667 
1 2 2175 1891 
1 2 2177 1620 
1 3 2177 1854 1576 
1 2 2182 2297 
1 2 2227 1446 
1 2 2227 1991 
1 2 2229 1638 
1 2 2229 1863 
1 2 2230 2067 
1 2 2277 1442 
1 2 2278 1673 
1 2 2278 1668 
1 2 2278 1682 
1 2 2280 1740 
1 2 2281 1740 
1 2 2281 1936 
1 2 2281 1719 
1 2 2287 1933 
1 2 2288 1735 
1 2 2288 1735 
1 2 2295 2296 
1 2 2296 2295 
1 2 2296 2297 
1 2 2297 2182 
1 2 2297 2296 
1 2 26 638 
1 2 26 183 
1 2 44 400 
1 3 44 771 326 
1 2 183 26 
1 2 183 785 
1 3 183 26 643 
1 2 223 596 
1 2 225 326 
1 2 225 638 
1 3 234 730 358 
1 2 234 576 
1 3 243 785 417 
1 2 243 785 
1 2 269 2242 
1 2 269 2024 
1 2 269 406 
1 2 269 696 
1 3 269 406 696 
1 3 326 771 44 
1 2 326 225 
1 2 369 782 
1 2 369 643 
1 2 369 596 
1 2 372 596 
1 4 372 596 223 775 
1 2 372 539 
1 2 406 2024 
1 2 406 269 
1 2 406 2024 
1 2 417 602 
1 3 417 785 243 
1 2 539 696 
1 2 539 372 
1 4 576 234 225 638 
1 2 576 234 
1 4 576 730 576 730 
1 2 576 6 
1 2 596 369 
1 2 596 223 
1 2 596 372 
1 2 638 225 
1 2 638 26 
1 4 638 225 234 576 
1 3 643 26 183 
1 2 643 369 
1 3 696 406 269 
1 2 696 539 
1 2 696 269 
1 4 775 223 596 372 
1 2 782 369 
1 2 785 243 
1 2 785 183 
1 2 1566 1567 
1 2 1566 1567 
1 2 1566 1607 
1 2 1567 1566 
1 2 1567 1566 
1 2 1607 1566 
1 2 2024 269 
1 2 2024 406 
1 2 2024 406 
1 2 2024 2242 
1 2 2242 269 
1 2 2242 2024 
1 2 28 161 
1 2 28 547 
1 3 28 547 1944 
1 4 28 547 41 698 
1 2 28 161 
1 2 41 2153 
1 2 41 404 
1 2 41 698 
1 2 161 28 
1 2 161 28 
1 5 161 28 547 41 698 
1 2 161 1512 
1 2 404 547 
1 2 404 41 
1 2 404 547 
1 2 404 636 
1 3 404 636 245 
1 2 547 28 
1 2 547 404 
1 3 547 404 636 
1 2 547 404 
1 2 547 1471 
1 3 636 404 547 
1 4 636 245 636 245 
1 2 636 404 
1 2 636 245 
1 2 1471 2052 
1 2 1471 1512 
1 2 1471 547 
1 2 1471 1885 
1 2 1687 1898 
1 2 1898 1687 
1 2 1898 1613 
1 3 1944 547 28 
1 2 2052 1471 
1 2 2052 698 
1 2 2153 41 
1 4 790 1129 1216 1125 
1 2 802 1002 
1 3 804 1086 1113 
1 3 830 967 997 
1 3 830 921 1175 
1 2 830 982 
1 3 833 1015 905 
1 2 837 996 
1 2 837 981 
1 4 837 996 1146 1215 
1 3 837 981 1086 
1 3 850 1044 1146 
1 2 850 1131 
1 2 851 1113 
1 2 851 925 
1 2 861 943 
1 2 861 1227 
1 2 876 1015 
1 2 876 1058 
1 3 880 1044 1215 
1 2 880 1071 
1 2 880 1236 
1 4 893 1217 1058 1088 
1 2 893 1125 
1 4 901 1129 1216 1125 
1 2 901 1129 
1 2 904 1088 
1 4 904 1088 1058 1217 
1 3 904 804 905 
1 2 904 1088 
1 3 904 876 1216 
1 3 905 804 904 
1 6 905 804 905 1015 876 1058 
1 3 905 876 833 
1 2 907 1025 
1 2 907 914 
1 2 914 1177 
1 2 914 907 
1 4 914 907 914 1177 
1 2 918 981 
1 2 921 1019 
1 2 921 1175 
1 4 925 851 850 1131 
1 2 925 851 
1 2 935 1092 
1 2 935 1025 
1 4 943 1002 1107 1035 
1 2 943 861 
1 3 943 861 1163 
1 3 967 897 1209 
1 3 967 921 1019 
1 2 967 997 
1 2 973 982 
1 2 973 1002 
1 2 981 918 
1 4 981 837 996 1146 
1 2 981 837 
1 2 982 830 
1 2 982 973 
1 2 996 1146 
1 2 996 837 
1 3 997 1165 1085 
1 2 997 967 
1 3 997 967 830 
1 2 1002 973 
1 2 1002 1107 
1 2 1002 802 
1 2 1007 1060 
1 3 1007 1060 1070 
1 2 1015 876 
1 3 1019 921 967 
1 2 1019 921 
1 2 1025 935 
1 2 1025 907 
1 2 1035 1107 
1 4 1035 1107 1002 943 
1 2 1035 1162 
1 3 1044 1215 1162 
1 2 1044 1131 
1 2 1058 1217 
1 6 1058 876 1015 905 804 905 
1 2 1058 876 
1 2 1060 1007 
1 3 1070 893 1217 
1 3 1070 1060 1007 
1 3 1070 893 1217 
1 2 1071 880 
1 3 1072 790 1094 
1 3 1072 790 1094 
1 5 1072 790 1094 790 947 
1 2 1085 1165 
1 5 1085 888 1208 1085 888 
1 3 1085 1165 997 
1 3 1086 1122 1224 
1 3 1086 981 837 
1 3 1088 904 1177 
1 4 1088 876 1216 893 
1 2 1088 904 
1 2 1088 904 
1 3 1088 1058 1217 
1 3 1092 1085 1208 
1 3 1092 1085 1165 
1 2 1092 935 
1 3 1094 790 1072 
1 3 1094 790 1072 
1 3 1094 947 908 
1 2 1094 947 
1 2 1094 947 
1 2 1107 1002 
1 2 1107 1035 
1 3 1113 1086 804 
1 2 1113 851 
1 2 1122 1224 
1 2 1125 893 
1 4 1125 893 1070 901 
1 4 1125 1216 1129 790 
1 2 1131 1044 
1 2 1131 850 
1 4 1131 850 851 925 
1 2 1146 1215 
1 2 1146 996 
1 4 1146 996 837 981 
1 3 1146 1044 850 
1 3 1162 1215 1044 
1 2 1162 1035 
1 2 1162 1215 
1 3 1163 861 943 
1 5 1165 897 1209 874 1151 
1 2 1165 897 
1 3 1165 1085 1092 
1 2 1165 1085 
1 2 1175 921 
1 3 1175 921 830 
1 4 1177 914 907 914 
1 3 1177 904 1088 
1 2 1177 914 
1 4 1215 1146 996 837 
1 4 1215 1044 880 1236 
1 2 1215 1162 
1 2 1215 1146 
1 3 1215 1044 880 
1 3 1216 876 904 
1 2 1217 1058 
1 4 1217 1058 1088 904 
1 3 1217 1058 1088 
1 3 1217 893 1070 
1 3 1217 893 1070 
1 2 1224 1122 
1 3 1224 1122 1086 
1 2 1227 861 
1 4 1236 880 1044 1215 
1 2 1236 880 
1 3 4 675 557 
1 2 4 502 
1 2 30 380 
1 3 30 237 687 
1 3 30 237 548 
1 3 54 548 380 
1 2 54 429 
1 2 54 429 
1 3 54 687 658 
1 2 81 281 
1 2 81 691 
1 2 86 663 
1 3 86 297 693 
1 2 86 270 
1 3 87 701 658 
1 2 87 701 
1 2 108 653 
1 2 108 296 
1 2 139 177 
1 2 139 774 
1 2 139 700 
1 2 165 555 
1 2 165 380 
1 2 173 344 
1 2 173 344 
1 3 173 344 639 
1 2 173 555 
1 2 175 663 
1 3 175 774 177 
1 2 177 446 
1 3 177 774 175 
1 2 177 139 
1 2 237 687 
1 2 237 548 
1 2 252 344 
1 2 252 740 
1 3 254 653 296 
1 2 254 281 
1 2 270 86 
1 2 270 675 
1 2 281 740 
1 2 281 254 
1 4 281 254 108 700 
1 2 281 81 
1 3 290 531 693 
1 2 290 749 
1 3 290 749 747 
1 2 290 362 
1 4 290 553 546 723 
1 2 290 749 
1 2 296 446 
1 2 296 108 
1 3 296 108 254 
1 2 297 693 
1 2 344 252 
1 2 344 173 
1 2 344 173 
1 2 362 531 
1 3 362 290 749 
1 2 362 531 
1 2 362 290 
1 5 362 290 362 290 749 
1 2 380 165 
1 3 380 165 380 
1 2 380 548 
1 3 380 548 54 
1 3 380 165 380 
1 2 380 30 
1 2 446 296 
1 3 446 296 653 
1 2 446 177 
1 2 496 615 
1 6 496 615 658 701 87 701 
1 2 502 4 
1 2 502 723 
1 2 531 693 
1 2 531 362 
1 2 531 362 
1 3 531 553 732 
1 4 546 553 531 693 
1 2 546 553 
1 2 548 380 
1 3 548 237 30 
1 2 548 237 
1 2 551 701 
1 3 553 678 723 
1 2 553 546 
1 2 555 173 
1 2 555 165 
1 2 557 675 
1 3 557 675 4 
1 2 615 496 
1 2 615 658 
1 2 639 691 
1 3 639 344 173 
1 2 653 108 
1 3 653 296 446 
1 2 658 615 
1 3 658 701 87 
1 3 658 687 54 
1 2 660 675 
1 2 663 175 
1 2 663 86 
1 2 663 774 
1 2 675 270 
1 2 675 660 
1 2 675 678 
1 2 675 557 
1 2 678 675 
1 3 687 237 30 
1 2 687 237 
1 2 691 81 
1 2 691 639 
1 3 693 297 86 
1 2 693 297 
1 2 693 531 
1 4 693 531 553 546 
1 3 693 531 290 
1 2 700 139 
1 4 700 108 254 281 
1 6 701 87 701 658 615 496 
1 2 701 87 
1 2 701 551 
1 2 723 502 
1 3 723 678 553 
1 4 723 546 553 290 
1 3 732 553 531 
1 2 740 281 
1 2 740 252 
1 2 774 663 
1 2 774 139 
1 3 1401 1403 1404 
1 3 1401 1403 1404 
1 2 1401 429 
1 2 1402 1631 
1 2 1462 1468 
1 2 1462 1464 
1 2 1462 1467 
1 2 1463 1469 
1 2 1463 1466 
1 2 1464 1462 
1 2 1464 1466 
1 2 1465 2103 
1 2 1466 1463 
1 2 1466 1464 
1 3 1466 1462 1467 
1 3 1466 1463 1469 
1 3 1467 1462 1466 
1 2 1467 1462 
1 2 1468 1462 
1 3 1469 1463 1466 
1 3 1469 1463 1469 
1 2 1469 1463 
1 3 1469 1463 1469 
1 2 1742 1400 
1 2 2103 1465 
1 3 793 913 972 
1 2 793 913 
1 2 793 936 
1 2 836 1573 
1 2 836 1573 
1 3 844 913 972 
1 2 844 913 
1 2 855 1114 
1 2 855 1153 
1 2 855 1242 
1 2 874 1242 
1 2 888 2214 
1 2 888 1063 
1 2 888 1208 
1 2 888 1063 
1 5 888 1085 1208 888 1085 
1 4 897 1209 874 1151 
1 2 897 1165 
1 2 913 1917 
1 3 913 793 1657 
1 2 913 844 
1 2 913 793 
1 2 936 793 
1 2 936 1030 
1 2 954 1151 
1 2 972 1642 
1 2 972 1642 
1 2 972 1642 
1 3 972 913 844 
1 3 972 913 793 
1 2 1030 936 
1 2 1030 1154 
1 3 1030 936 1114 
1 7 1063 844 913 793 936 1030 1154 
1 2 1063 888 
1 2 1063 888 
1 3 1114 1153 1242 
1 3 1114 936 1030 
1 2 1114 855 
1 3 1114 1153 1151 
1 4 1114 1153 874 1209 
1 2 1151 954 
1 3 1151 1153 1114 
1 5 1151 874 1209 897 1165 
1 4 1151 874 1209 897 
1 2 1153 855 
1 7 1154 1030 936 793 913 844 1063 
1 2 1154 1030 
1 2 1208 2214 
1 2 1208 888 
1 3 1208 1085 1092 
1 4 1209 874 1153 1114 
1 3 1209 874 1242 
1 3 1209 897 967 
1 3 1242 855 1114 
1 2 1242 855 
1 2 1242 874 
1 3 1242 874 1209 
1 2 1405 1409 
1 2 1405 1408 
1 2 1407 1406 
1 2 1407 1406 
1 2 1407 1406 
1 2 1407 1409 
1 2 1408 1700 
1 2 1408 1405 
1 2 1409 1407 
1 2 1409 1405 
1 2 1573 2033 
1 2 1573 836 
1 2 1573 836 
1 2 1573 2135 
1 2 1625 1651 
1 2 1642 972 
1 2 1642 1930 
1 2 1642 972 
1 2 1642 972 
1 2 1651 1625 
1 2 1657 1777 
1 3 1657 793 913 
1 2 1700 2272 
1 2 1700 1408 
1 2 1777 1657 
1 2 1789 1807 
1 2 1789 1807 
1 2 1803 2169 
1 2 1803 1807 
1 2 1807 1789 
1 2 1807 1789 
1 2 1807 1803 
1 2 1816 1889 
1 2 1816 2009 
1 2 1843 2009 
1 2 1889 1816 
1 2 1889 2169 
1 2 1917 1985 
1 2 1917 913 
1 2 1930 1642 
1 2 1985 2135 
1 2 1985 1917 
1 2 2009 1843 
1 2 2009 1816 
1 2 2033 1573 
1 2 2135 2267 
1 2 2135 1573 
1 2 2135 1985 
1 2 2169 1889 
1 2 2169 1803 
1 2 2214 888 
1 2 2214 1208 
1 2 2267 2135 
1 2 1 2081 
1 2 1 280 
1 2 135 280 
1 2 155 1897 
1 2 155 298 
1 2 155 614 
1 2 155 614 
1 3 176 347 2083 
1 2 185 2079 
1 2 185 733 
1 2 185 733 
1 4 185 733 309 298 
1 2 245 347 
1 4 245 636 245 636 
1 2 245 636 
1 3 245 636 404 
1 3 245 347 2083 
1 2 280 1945 
1 2 280 365 
1 2 280 1848 
1 2 280 1848 
1 7 280 1848 1785 1925 536 1710 384 
1 7 280 1848 1785 1925 536 1710 384 
1 2 280 135 
1 2 280 1 
1 4 298 309 733 185 
1 2 298 392 
1 3 298 392 2121 
1 3 298 392 2121 
1 2 298 392 
1 2 298 155 
1 2 309 2307 
1 2 309 1897 
1 2 309 2307 
1 2 347 2248 
1 2 347 245 
1 2 493 2081 
1 2 493 614 
1 2 614 155 
1 2 614 155 
1 2 614 2200 
1 2 614 493 
1 2 733 185 
1 2 733 185 
1 2 1613 1898 
1 2 1613 365 
1 2 1613 384 
1 2 1613 384 
1 2 1897 1995 
1 2 1897 309 
1 2 1897 155 
1 2 1922 2082 
1 2 1922 1998 
1 2 1922 2081 
1 2 1922 2082 
1 2 1945 2248 
1 2 1945 280 
1 2 1945 2201 
1 2 1998 2081 
1 2 1998 1922 
1 2 2079 185 
1 2 2081 1998 
1 2 2081 493 
1 2 2081 1 
1 2 2081 1922 
1 2 2082 1922 
1 2 2082 1922 
1 2 2083 2201 
1 3 2083 347 245 
1 3 2083 347 176 
1 2 2200 614 
1 2 2201 1945 
1 2 2201 2083 
1 2 2248 347 
1 2 2248 1945 
1 2 1245 1646 
1 2 1245 1273 
1 2 1245 1284 
1 3 1246 1261 1294 
1 2 1246 2317 
1 3 1246 1261 1302 
1 2 1246 1261 
1 4 1246 1261 1302 1257 
1 3 1247 1301 1299 
1 2 1248 1258 
1 2 1248 1274 
1 2 1248 1272 
1 2 1249 1282 
1 2 1250 2318 
1 2 1250 1278 
1 2 1251 1769 
1 2 1251 1263 
1 2 1251 1267 
1 3 1251 1267 1278 
1 4 1251 1282 1299 1301 
1 2 1252 1258 
1 2 1252 1304 
1 2 1252 1303 
1 2 1253 1295 
1 3 1254 1291 1277 
1 2 1254 1291 
1 2 1254 1299 
1 2 1255 1666 
1 3 1255 1292 1269 
1 4 1255 1292 1269 2256 
1 2 1256 1271 
1 2 1256 1271 
1 2 1256 1928 
1 2 1256 1271 
1 2 1256 1295 
1 2 1257 1298 
1 3 1257 1298 1287 
1 4 1257 1302 1261 1246 
1 2 1258 2008 
1 2 1258 1248 
1 2 1258 1252 
1 2 1258 1290 
1 3 1259 1305 1264 
1 2 1259 1305 
1 2 1259 1305 
1 2 1260 1275 
1 4 1260 1275 1308 1265 
1 2 1261 1294 
1 2 1261 1246 
1 3 1262 1303 1293 
1 2 1262 1290 
1 2 1263 2317 
1 2 1263 2165 
1 2 1263 2165 
1 2 1263 1300 
1 2 1263 1251 
1 2 1264 2091 
1 3 1264 1305 1259 
1 2 1264 2091 
1 4 1265 1296 1275 1260 
1 3 1265 1296 1275 
1 4 1265 1296 1275 1296 
1 2 1265 1308 
1 2 1266 1277 
1 2 1266 1275 
1 2 1266 1275 
1 2 1267 1251 
1 3 1267 1278 1282 
1 3 1268 1292 1285 
1 2 1269 1292 
1 2 1269 1307 
1 3 1269 1292 1255 
1 4 1269 1292 1255 1292 
1 2 1270 1289 
1 2 1271 1307 
1 2 1271 1256 
1 2 1271 1256 
1 2 1271 1256 
1 2 1272 1429 
1 2 1272 1248 
1 2 1273 2060 
1 3 1273 1245 1280 
1 2 1273 1245 
1 2 1274 1248 
1 2 1274 1290 
1 2 1275 1260 
1 2 1275 1266 
1 2 1275 1266 
1 3 1275 1277 1297 
1 3 1275 1308 1265 
1 2 1275 1296 
1 2 1276 1306 
1 2 1276 2061 
1 2 1276 1284 
1 2 1277 1266 
1 3 1277 1291 1278 
1 3 1277 1291 1254 
1 3 1278 1267 1251 
1 2 1278 1250 
1 3 1278 1291 1277 
1 2 1278 1299 
1 4 1279 1301 1254 1286 
1 2 1280 1646 
1 2 1280 1747 
1 2 1280 1747 
1 3 1280 1245 1273 
1 2 1281 1804 
1 2 1281 1298 
1 3 1282 1278 1267 
1 2 1282 1249 
1 2 1283 1300 
1 2 1284 1245 
1 2 1284 1276 
1 2 1285 1310 
1 3 1285 1292 1268 
1 2 1285 1292 
1 2 1286 1297 
1 4 1286 1254 1301 1279 
1 2 1287 1298 
1 3 1287 1298 1257 
1 2 1288 2165 
1 2 1288 1769 
1 2 1289 1853 
1 2 1289 1270 
1 3 1289 1270 1969 
1 2 1290 1274 
1 3 1290 1274 1724 
1 2 1290 1258 
1 2 1290 1262 
1 2 1291 2318 
1 2 1291 1254 
1 4 1292 1255 1292 1269 
1 2 1292 1269 
1 2 1292 1285 
1 2 1292 1307 
1 2 1293 1304 
1 2 1293 1306 
1 3 1293 1303 1262 
1 2 1293 1303 
1 2 1294 2127 
1 2 1294 2088 
1 2 1294 1261 
1 3 1294 1261 1246 
1 2 1295 1253 
1 2 1295 1256 
1 2 1296 1275 
1 4 1296 1275 1308 1265 
1 2 1297 1286 
1 3 1297 1277 1275 
1 2 1298 1281 
1 3 1298 1257 1302 
1 2 1298 1287 
1 2 1298 1257 
1 2 1299 1278 
1 2 1299 1254 
1 3 1299 1254 1247 
1 2 1300 1283 
1 2 1300 1263 
1 4 1301 1299 1282 1251 
1 3 1302 1257 1298 
1 3 1302 1261 1246 
1 2 1303 1252 
1 2 1303 1293 
1 2 1303 2061 
1 2 1304 1252 
1 2 1304 1293 
1 2 1305 1259 
1 2 1305 1259 
1 2 1305 1310 
1 2 1306 1276 
1 2 1306 1293 
1 2 1307 1269 
1 2 1307 1649 
1 2 1307 1292 
1 2 1307 1271 
1 2 1308 1265 
1 2 1310 1305 
1 2 1310 1285 
1 2 1429 1272 
1 2 1429 1724 
1 3 1429 1435 1431 
1 2 1429 1435 
1 2 1429 1433 
1 2 1430 1432 
1 2 1430 1432 
1 2 1431 1435 
1 3 1431 1435 1429 
1 2 1432 1971 
1 2 1432 1430 
1 2 1432 1430 
1 3 1432 1430 1434 
1 3 1433 1430 1434 
1 2 1433 1435 
1 2 1433 1429 
1 3 1434 1430 1432 
1 3 1434 1430 1433 
1 2 1435 1433 
1 2 1435 1431 
1 2 1435 1429 
1 2 1482 1485 
1 2 1482 1485 
1 2 1482 1483 
1 2 1483 1484 
1 2 1483 1482 
1 2 1484 1483 
1 2 1485 1482 
1 3 1485 1482 1485 
1 2 1485 1482 
1 3 1485 1482 1485 
1 2 1570 1571 
1 2 1571 1572 
1 2 1571 1572 
1 2 1571 1570 
1 2 1572 1571 
1 2 1572 1571 
1 2 1646 1280 
1 2 1646 1245 
1 2 1649 1307 
1 2 1666 2256 
1 2 1666 1255 
1 3 1724 1274 1290 
1 2 1724 1429 
1 2 1747 1280 
1 2 1747 1280 
1 2 1769 1251 
1 2 1769 2318 
1 2 1769 2318 
1 2 1769 1288 
1 2 1804 2088 
1 2 1804 1281 
1 2 1852 2091 
1 2 1853 1928 
1 2 1853 1928 
1 2 1853 1928 
1 2 1853 1289 
1 2 1928 1853 
1 2 1928 1256 
1 2 1928 1853 
1 2 1928 1853 
1 3 1969 1270 1289 
1 2 1971 1424 
1 2 1971 1424 
1 2 1971 1432 
1 2 2008 1258 
1 2 2060 1273 
1 2 2061 1303 
1 2 2061 1276 
1 2 2088 1294 
1 2 2088 1804 
1 2 2091 1264 
1 2 2091 1264 
1 2 2091 1852 
1 2 2127 1421 
1 2 2127 1294 
1 2 2127 1421 
1 2 2165 1263 
1 2 2165 1288 
1 2 2165 1263 
1 2 2256 1666 
1 4 2256 1269 1292 1255 
1 2 2317 1246 
1 2 2317 1263 
1 2 2318 1769 
1 2 2318 1769 
1 2 2318 1250 
1 2 2318 1291 
1 2 12 655 
1 2 12 655 
1 2 12 207 
1 2 12 403 
1 2 12 403 
1 13 34 727 748 101 472 24 221 680 610 120 40 712 373 
1 2 34 132 
1 2 40 712 
1 9 40 310 744 680 221 24 472 101 748 
1 9 40 310 744 680 221 24 472 101 748 
1 20 40 712 2074 727 34 508 34 727 748 101 472 24 221 680 610 120 40 712 373 2020 
1 4 45 2014 1845 717 
1 2 45 2014 
1 3 45 355 659 
1 2 45 717 
1 2 89 359 
1 3 89 359 123 
1 2 89 310 
1 2 96 712 
1 2 98 717 
1 2 106 241 
1 2 106 127 
1 4 106 34 132 416 
1 2 106 132 
1 9 120 744 680 221 24 472 409 272 409 
1 2 120 744 
1 2 123 359 
1 3 123 359 89 
1 18 124 383 440 34 727 748 101 472 24 221 680 610 120 40 712 373 403 373 
1 2 124 383 
1 4 124 383 440 514 
1 3 124 383 508 
1 5 127 106 444 428 241 
1 2 127 106 
1 2 127 734 
1 2 132 106 
1 2 132 34 
1 2 132 416 
1 2 184 262 
1 3 184 641 477 
1 2 186 656 
1 2 186 405 
1 2 191 73 
1 2 193 612 
1 3 207 634 533 
1 2 207 634 
1 2 207 12 
1 3 241 428 371 
1 3 241 428 444 
1 2 241 106 
1 5 241 428 444 106 127 
1 3 262 488 749 
1 2 262 184 
1 2 278 710 
1 2 278 595 
1 2 278 389 
1 2 285 659 
1 2 285 491 
1 2 310 89 
1 4 321 193 491 355 
1 2 341 641 
1 2 355 1845 
1 2 355 659 
1 4 355 491 193 321 
1 2 359 123 
1 2 359 89 
1 2 370 725 
1 2 370 403 
1 2 370 373 
1 2 371 514 
1 2 371 428 
1 2 371 440 
1 3 371 428 241 
1 2 373 712 
1 14 373 712 40 310 744 680 221 24 472 101 748 727 34 508 
1 13 373 712 40 310 744 680 221 24 472 101 748 727 34 
1 2 373 370 
1 18 373 403 373 712 40 310 744 680 221 24 472 101 748 727 34 440 383 124 
1 2 383 124 
1 2 383 440 
1 3 383 440 514 
1 3 383 440 514 
1 2 389 2179 
1 2 389 717 
1 2 389 717 
1 2 389 278 
1 2 403 12 
1 2 403 12 
1 2 403 370 
1 2 405 186 
1 3 408 89 656 
1 4 416 132 34 106 
1 2 416 132 
1 2 428 371 
1 2 428 444 
1 2 440 383 
1 2 440 514 
1 2 440 514 
1 2 440 371 
1 2 444 428 
1 3 444 428 241 
1 2 444 734 
1 3 477 605 184 
1 2 480 773 
1 2 480 725 
1 3 488 749 747 
1 2 491 285 
1 3 491 285 533 
1 3 491 612 533 
1 3 508 383 124 
1 14 508 34 727 748 101 472 24 221 680 610 120 40 712 373 
1 2 508 2074 
1 3 508 34 727 
1 2 514 440 
1 4 514 440 383 124 
1 3 514 440 383 
1 2 514 371 
1 3 514 440 383 
1 2 514 440 
1 3 533 285 491 
1 3 533 612 491 
1 2 533 634 
1 3 533 634 207 
1 2 550 628 
1 2 585 725 
1 2 595 278 
1 2 612 193 
1 2 612 721 
1 2 628 429 
1 2 628 429 
1 2 628 550 
1 2 634 533 
1 2 634 207 
1 2 635 641 
1 2 641 635 
1 2 641 341 
1 2 655 721 
1 2 655 12 
1 2 655 12 
1 2 656 186 
1 3 656 89 408 
1 3 659 355 45 
1 2 659 355 
1 2 659 285 
1 2 710 1881 
1 2 710 278 
1 2 712 2020 
1 2 712 96 
1 2 712 373 
1 2 712 40 
1 2 717 389 
1 2 717 1845 
1 4 717 1845 2014 45 
1 2 717 45 
1 2 717 389 
1 2 717 2179 
1 2 717 98 
1 2 721 612 
1 2 721 655 
1 2 725 480 
1 2 725 370 
1 2 725 585 
1 3 727 34 508 
1 2 734 444 
1 2 734 652 
1 2 734 127 
1 2 734 652 
1 3 734 652 134 
1 4 734 652 134 647 
1 3 747 749 290 
1 2 747 749 
1 3 747 749 488 
1 5 747 749 551 54 429 
1 2 747 749 
1 3 749 290 362 
1 5 749 290 362 290 362 
1 2 749 290 
1 2 749 290 
1 2 749 747 
1 2 749 747 
1 4 749 551 54 429 
1 3 749 488 262 
1 2 773 480 
1 2 1832 1881 
1 2 1845 2014 
1 2 1845 717 
1 2 1845 355 
1 2 1881 1832 
1 2 1881 2063 
1 2 1881 710 
1 2 1881 2063 
1 3 1941 132 102 
1 2 2014 1845 
1 2 2014 45 
1 2 2020 712 
1 20 2020 373 712 40 310 744 680 221 24 472 101 748 727 34 508 34 727 2074 712 40 
1 2 2063 1881 
1 2 2063 1881 
1 2 2074 508 
1 2 2108 2284 
1 2 2179 389 
1 2 2179 717 
1 2 2284 2108 
1 2 816 1033 
1 2 816 928 
1 3 823 958 951 
1 2 823 884 
1 12 879 951 1008 951 958 1077 823 884 883 884 951 1157 
1 3 879 884 883 
1 6 883 884 823 1077 958 1034 
1 2 883 884 
1 3 883 884 879 
1 2 884 823 
1 2 884 883 
1 3 928 816 1033 
1 2 928 816 
1 2 928 1038 
1 2 951 958 
1 3 951 1008 1157 
1 3 951 958 823 
1 2 958 1034 
1 2 958 951 
1 2 964 1038 
1 2 964 1027 
1 2 964 1214 
1 2 964 1095 
1 5 964 1027 823 884 1078 
1 2 1008 2301 
1 3 1008 1034 903 
1 2 1008 1104 
1 4 1008 1104 1008 1157 
1 3 1008 951 1126 
1 2 1027 964 
1 2 1027 1077 
1 3 1033 816 928 
1 2 1033 2301 
1 2 1033 816 
1 2 1034 958 
1 6 1034 958 1077 823 884 883 
1 2 1038 928 
1 2 1038 964 
1 2 1038 1127 
1 3 1038 1127 1140 
1 2 1077 1027 
1 5 1078 884 823 1027 964 
1 3 1126 1157 1008 
1 2 2301 1033 
1 2 2301 1008 
1 2 365 2157 
1 2 365 1613 
1 2 365 698 
1 2 365 280 
1 2 365 1848 
1 2 430 2157 
1 2 439 529 
1 2 439 529 
1 2 439 529 
1 2 529 439 
1 2 529 439 
1 2 529 439 
1 5 698 41 547 28 161 
1 4 698 41 547 28 
1 2 698 2052 
1 2 698 41 
1 2 698 365 
1 2 1593 1983 
1 4 1636 2158 1636 1764 
1 4 1636 2158 1636 1764 
1 2 1636 2158 
1 2 1636 2158 
1 4 1764 1636 2158 1636 
1 2 1764 1982 
1 2 1764 1859 
1 4 1764 1636 2158 1636 
1 2 1785 1848 
1 2 1785 1925 
1 2 1785 1925 
1 2 1848 365 
1 2 1848 280 
1 2 1848 280 
1 2 1848 1785 
1 2 1859 1764 
1 2 1859 1983 
1 2 1879 2255 
1 3 1914 1636 2158 
1 2 1925 1785 
1 2 1925 536 
1 2 1925 536 
1 2 1925 1785 
1 2 1925 536 
1 2 1982 1764 
1 2 1983 1859 
1 2 1983 1593 
1 2 2157 365 
1 2 2157 430 
1 2 2158 1636 
1 3 2158 1636 1914 
1 2 2158 1636 
1 2 2255 1879 
1 4 2255 171 2255 171 
1 4 2255 171 2255 171 
1 3 1531 1532 2116 
1 3 2116 1532 1531 
1 2 47 562 
1 2 47 121 
1 2 119 228 
1 2 119 707 
1 6 119 228 489 329 47 121 
1 2 121 295 
1 6 121 47 329 489 228 119 
1 2 121 47 
1 3 121 562 320 
1 2 209 273 
1 2 209 1722 
1 2 209 781 
1 3 209 781 397 
1 2 228 119 
1 3 258 121 295 
1 3 258 121 295 
1 2 266 707 
1 2 266 397 
1 10 273 305 56 621 273 589 273 209 1722 305 
1 7 273 209 781 397 532 2132 2131 
1 4 273 589 273 621 
1 2 273 589 
1 2 273 209 
1 6 273 589 273 621 56 305 
1 5 273 209 273 305 56 
1 2 295 121 
1 3 295 121 258 
1 2 295 532 
1 2 295 532 
1 3 295 121 258 
1 3 320 562 121 
1 2 329 619 
1 2 329 489 
1 3 329 47 562 
1 2 350 562 
1 3 397 781 209 
1 2 397 266 
1 2 397 532 
1 2 489 593 
1 3 489 593 69 
1 2 489 329 
1 2 532 295 
1 2 532 2132 
1 2 532 397 
1 2 532 295 
1 3 562 47 329 
1 2 562 350 
1 2 562 47 
1 2 589 273 
1 3 589 119 781 
1 5 589 273 621 56 305 
1 2 619 642 
1 2 619 471 
1 2 619 329 
1 2 707 119 
1 2 707 266 
1 3 781 209 589 
1 2 781 209 
1 2 781 1722 
1 2 1722 209 
1 2 1722 781 
1 2 2131 2132 
1 7 2131 2132 532 397 781 209 273 
1 2 2132 532 
1 2 2132 2131 
1 2 42 332 
1 2 42 777 
1 3 71 148 259 
1 2 71 187 
1 3 148 187 776 
1 2 148 259 
1 2 159 743 
1 2 187 776 
1 2 187 71 
1 2 187 319 
1 4 187 71 148 777 
1 3 255 443 559 
1 2 255 308 
1 4 255 308 559 308 
1 4 308 559 308 255 
1 2 308 1775 
1 2 308 559 
1 2 308 443 
1 2 308 255 
1 2 319 187 
1 3 319 42 332 
1 2 332 443 
1 3 332 42 319 
1 2 332 42 
1 2 443 308 
1 2 443 332 
1 2 559 650 
1 2 559 650 
1 2 559 308 
1 3 559 443 255 
1 4 650 66 1815 66 
1 3 650 66 1815 
1 2 650 743 
1 3 650 66 1815 
1 2 650 559 
1 2 650 559 
1 3 743 159 756 
1 2 743 159 
1 2 743 650 
1 2 756 105 
1 3 756 159 743 
1 2 776 187 
1 3 776 187 148 
1 9 777 42 332 42 319 187 71 148 777 
1 2 777 42 
1 2 777 259 
1 4 777 148 71 187 
1 2 777 104 
1 3 777 104 512 
1 9 777 148 71 187 319 42 332 42 777 
1 2 1739 1788 
1 2 1739 1775 
1 2 1775 308 
1 2 1775 1739 
1 2 1788 1739 
1 2 1904 2095 
1 2 2095 1904 
1 4 811 1020 811 1410 
1 2 811 1020 
1 2 862 1178 
1 2 899 1116 
1 3 899 1116 1178 
1 2 1020 1516 
1 2 1020 811 
1 2 1178 862 
1 2 1178 1427 
1 3 1178 1116 899 
1 4 1410 811 1020 811 
1 2 1410 1411 
1 2 1410 1860 
1 2 1410 1860 
1 2 1410 1427 
1 2 1410 2258 
1 2 1411 1712 
1 2 1411 1410 
1 2 1411 1420 
1 3 1411 1761 2007 
1 2 1413 1676 
1 2 1413 1414 
1 2 1413 1416 
1 3 1414 1422 1417 
1 2 1414 1422 
1 2 1414 1422 
1 2 1414 1676 
1 2 1414 1416 
1 2 1414 1413 
1 2 1415 1425 
1 2 1416 1414 
1 4 1416 1413 1414 1676 
1 2 1416 1413 
1 3 1417 1422 1414 
1 2 1419 1676 
1 2 1419 1420 
1 3 1419 1413 1425 
1 2 1420 1419 
1 2 1420 1411 
1 2 1420 1425 
1 2 1421 2127 
1 2 1421 2127 
1 4 1421 1422 1426 1422 
1 2 1422 1414 
1 2 1422 1426 
1 4 1422 1426 1422 1421 
1 2 1422 1414 
1 2 1424 1428 
1 2 1424 1971 
1 3 1424 1428 1423 
1 2 1424 1428 
1 2 1424 1971 
1 3 1425 1420 1419 
1 2 1425 1420 
1 2 1425 1415 
1 2 1426 1422 
1 2 1426 1418 
1 4 1426 1428 1426 1428 
1 2 1427 1410 
1 2 1427 1178 
1 4 1497 1537 1536 1537 
1 2 1499 1948 
1 2 1499 1948 
1 2 1536 1537 
1 2 1536 1537 
1 2 1537 1536 
1 2 1537 1536 
1 4 1537 1536 1537 1497 
1 2 1574 2167 
1 2 1577 1609 
1 2 1577 1609 
1 2 1578 1761 
1 2 1609 1577 
1 2 1609 1577 
1 2 1645 1948 
1 2 1676 1414 
1 4 1676 1414 1413 1416 
1 2 1676 1413 
1 2 1676 1419 
1 2 1712 2259 
1 2 1712 1411 
1 2 1761 1578 
1 2 1761 2007 
1 2 1860 1410 
1 2 1860 1410 
1 2 1948 1645 
1 2 1948 1499 
1 2 1948 1499 
1 2 2007 1761 
1 3 2007 1761 1411 
1 2 2057 2167 
1 2 2057 1533 
1 4 2057 1533 2057 1533 
1 3 2057 1533 1661 
1 2 2057 2167 
1 2 2167 2057 
1 2 2167 1574 
1 2 2167 2057 
1 2 2258 1410 
1 2 2259 1712 
1 7 1314 1363 1376 1317 1333 1374 1378 
1 2 1314 1346 
1 3 1325 1346 1353 
1 2 1325 1346 
1 3 1325 1372 1364 
1 2 1346 1656 
1 2 1346 1656 
1 2 1346 1395 
1 5 1346 1395 1379 1346 1353 
1 3 1346 1379 1372 
1 2 1346 1314 
1 2 1346 1379 
1 2 1346 1353 
1 2 1346 1325 
1 3 1346 1379 1372 
1 4 2 622 423 138 
1 2 2 224 
1 2 15 349 
1 7 15 349 679 204 367 763 757 
1 4 61 322 392 2121 
1 3 61 322 61 
1 3 61 322 61 
1 2 61 97 
1 4 61 474 391 311 
1 2 70 709 
1 2 70 709 
1 3 70 709 229 
1 4 70 709 17 217 
1 2 73 647 
1 3 73 647 645 
1 3 73 647 134 
1 2 73 191 
1 2 83 527 
1 2 97 61 
1 3 97 474 391 
1 5 97 474 391 280 518 
1 2 128 208 
1 2 131 367 
1 2 134 647 
1 3 134 652 734 
1 2 134 652 
1 3 134 645 647 
1 3 134 647 73 
1 2 138 507 
1 2 138 423 
1 2 138 2194 
1 3 138 83 527 
1 4 138 423 622 2 
1 3 142 128 152 
1 2 149 172 
1 8 149 763 149 739 688 288 52 719 
1 4 149 763 149 739 
1 5 149 763 149 739 688 
1 2 149 763 
1 2 152 338 
1 2 152 378 
1 3 152 128 142 
1 2 163 517 
1 4 164 631 164 421 
1 2 164 631 
1 2 164 527 
1 3 172 679 222 
1 2 172 2148 
1 2 172 2148 
1 5 172 149 763 149 739 
1 2 172 149 
1 2 178 467 
1 2 178 758 
1 4 194 203 224 622 
1 2 195 275 
1 2 203 528 
1 2 203 699 
1 3 204 679 349 
1 2 204 367 
1 2 208 542 
1 2 208 263 
1 2 208 128 
1 3 222 382 611 
1 2 222 2234 
1 2 222 382 
1 2 222 382 
1 3 222 679 172 
1 2 224 2 
1 3 224 2 528 
1 3 263 542 263 
1 2 263 208 
1 3 263 542 263 
1 2 263 542 
1 2 275 195 
1 4 275 128 142 600 
1 4 311 391 474 61 
1 2 322 668 
1 3 322 392 2121 
1 2 322 668 
1 2 338 152 
1 2 349 15 
1 3 349 263 542 
1 3 349 679 204 
1 2 367 204 
1 2 367 763 
1 2 367 131 
1 2 367 757 
1 2 378 152 
1 2 382 611 
1 2 382 611 
1 2 382 222 
1 2 382 222 
1 3 391 493 97 
1 2 392 298 
1 2 392 668 
1 2 392 2121 
1 2 392 298 
1 2 392 2121 
1 3 392 97 474 
1 2 423 1812 
1 2 423 1812 
1 2 423 622 
1 2 423 138 
1 3 423 138 2194 
1 2 467 178 
1 4 474 97 392 668 
1 3 474 97 392 
1 2 507 138 
1 2 517 163 
1 5 518 311 391 493 97 
1 2 518 384 
1 2 518 384 
1 2 522 582 
1 2 522 528 
1 3 527 83 138 
1 2 527 83 
1 3 527 164 631 
1 2 527 164 
1 2 528 522 
1 3 528 2 224 
1 2 528 203 
1 3 542 263 584 
1 3 542 263 349 
1 2 542 263 
1 2 542 208 
1 2 582 522 
1 4 582 522 203 772 
1 2 584 2234 
1 3 584 263 542 
1 3 584 222 679 
1 4 600 142 128 275 
1 3 600 348 257 
1 2 611 1547 
1 2 611 382 
1 2 611 382 
1 3 611 382 222 
1 4 611 382 222 679 
1 9 622 423 138 507 102 132 127 134 647 
1 2 622 423 
1 4 622 2 203 699 
1 4 622 2 203 194 
1 2 645 647 
1 3 645 647 73 
1 4 647 134 652 734 
1 2 647 134 
1 9 647 134 127 132 102 507 138 423 622 
1 3 647 645 134 
1 2 647 645 
1 2 647 73 
1 2 652 734 
1 2 652 734 
1 2 652 134 
1 2 668 392 
1 2 668 322 
1 2 668 322 
1 4 668 392 97 474 
1 4 679 222 382 611 
1 3 679 222 584 
1 4 699 203 2 622 
1 2 699 203 
1 2 709 70 
1 2 709 70 
1 3 708 16 772 
1 2 708 227 
1 7 757 763 367 204 679 349 15 
1 2 757 367 
1 2 758 178 
1 3 763 149 739 
1 2 763 149 
1 2 763 367 
1 4 772 203 2 582 
1 3 772 16 708 
1 3 772 16 348 
1 2 1547 1548 
1 2 1547 611 
1 2 1548 1547 
1 2 1812 423 
1 2 1812 423 
1 2 2039 461 
1 2 2039 348 
1 2 2039 18 
1 2 2039 759 
1 2 2039 461 
1 2 2039 348 
1 2 2039 18 
1 2 2039 759 
1 3 2121 392 298 
1 4 2121 2152 2121 2152 
1 2 2121 392 
1 2 2121 392 
1 3 2121 392 322 
1 4 2121 392 322 61 
1 3 2121 392 298 
1 3 2194 138 423 
1 2 2194 138 
1 2 2234 222 
1 2 2234 584 
1 2 819 1219 
1 2 839 1091 
1 4 839 1091 957 1106 
1 2 839 1219 
1 2 842 1190 
1 2 952 1244 
1 3 952 1244 1026 
1 2 957 1091 
1 2 957 1091 
1 3 984 842 1190 
1 2 984 948 
1 2 1024 1219 
1 2 1024 1244 
1 3 1026 1244 952 
1 2 1026 1190 
1 2 1026 1190 
1 2 1026 1190 
1 3 1026 1190 895 
1 2 1091 957 
1 2 1091 957 
1 2 1091 839 
1 2 1106 1206 
1 2 1106 1206 
1 4 1106 957 1091 839 
1 4 1171 984 842 1190 
1 5 1190 1026 842 952 1244 
1 3 1190 895 1132 
1 2 1190 1026 
1 3 1190 842 984 
1 2 1190 895 
1 2 1190 948 
1 2 1190 1026 
1 2 1190 842 
1 2 1190 1026 
1 4 1190 842 984 1171 
1 2 1206 1106 
1 2 1206 807 
1 3 1206 1188 807 
1 2 1206 1188 
1 2 1206 1106 
1 2 1206 1109 
1 2 1219 1608 
1 2 1219 819 
1 2 1219 839 
1 2 1219 1024 
1 2 1244 1024 
1 2 1244 952 
1 5 1244 952 842 1026 1190 
1 2 1608 1219 
1 2 799 944 
1 2 799 868 
1 2 807 1112 
1 2 807 1206 
1 3 807 1188 1206 
1 2 807 939 
1 4 814 799 944 863 
1 2 814 868 
1 5 824 915 989 915 1158 
1 2 824 989 
1 2 863 1821 
1 2 863 944 
1 4 863 944 799 814 
1 5 863 1089 1240 1062 890 
1 2 868 799 
1 2 868 814 
1 5 890 1062 1240 1089 863 
1 2 915 1158 
1 2 915 989 
1 5 926 1173 1039 1128 1669 
1 2 926 1173 
1 2 926 1173 
1 2 926 1173 
1 2 939 1669 
1 2 939 1669 
1 2 939 807 
1 3 939 807 1188 
1 2 944 863 
1 3 944 1240 1062 
1 2 944 799 
1 2 969 1186 
1 2 969 1004 
1 2 989 915 
1 2 989 824 
1 2 989 1052 
1 2 1000 1173 
1 2 1000 1046 
1 2 1000 1213 
1 2 1004 969 
1 2 1004 1133 
1 2 1039 2089 
1 2 1039 1128 
1 4 1051 824 1158 1240 
1 6 1052 854 963 1142 871 1123 
1 6 1052 968 1172 1010 1150 1182 
1 5 1052 989 915 845 965 
1 2 1052 989 
1 3 1062 1240 944 
1 2 1089 1821 
1 2 1089 1240 
1 2 1109 1206 
1 5 1109 1188 939 807 1188 
1 2 1109 1186 
1 2 1112 1136 
1 2 1112 807 
1 2 1128 1669 
1 2 1128 1039 
1 4 1133 1004 969 1186 
1 2 1133 1004 
1 2 1136 2086 
1 2 1136 1112 
1 2 1173 926 
1 2 1173 926 
1 3 1173 1000 1213 
1 2 1173 926 
1 2 1173 1068 
1 2 1173 1000 
1 2 1181 1886 
1 2 1181 1886 
1 2 1186 1109 
1 2 1186 969 
1 4 1186 969 1004 1133 
1 2 1188 1206 
1 3 1188 807 939 
1 5 1188 807 939 1188 1109 
1 3 1213 1000 1173 
1 2 1213 1000 
1 7 1213 1000 1046 1000 1213 1000 1046 
1 2 1213 950 
1 2 1213 1099 
1 2 1240 1089 
1 4 1240 1158 824 1051 
1 3 1240 1089 1821 
1 2 1240 1158 
1 2 1580 2055 
1 2 1630 2313 
1 2 1630 2313 
1 2 1655 2054 
1 2 1669 939 
1 5 1669 1128 1039 1173 926 
1 2 1669 939 
1 2 1669 1128 
1 2 1704 2312 
1 2 1781 1999 
1 2 1781 1999 
1 2 1786 1966 
1 2 1786 1966 
1 2 1786 1966 
1 2 1799 2206 
1 2 1799 854 
1 2 1821 1089 
1 2 1821 863 
1 3 1821 1089 1240 
1 2 1886 1181 
1 2 1886 1181 
1 2 1886 2086 
1 2 1966 1786 
1 2 1966 1786 
1 2 1966 1786 
1 2 1966 2089 
1 2 1981 854 
1 2 1981 2206 
1 2 1999 1781 
1 2 1999 1781 
1 2 2054 1655 
1 2 2054 2313 
1 2 2055 1580 
1 2 2086 1886 
1 2 2086 1136 
1 2 2089 1966 
1 2 2089 1039 
1 2 2206 1981 
1 2 2206 1799 
1 2 2312 1704 
1 2 2313 2054 
1 2 2313 1630 
1 2 2313 1630 
1 2 2124 2251 
1 2 2251 2124 
1 2 803 1185 
1 3 829 929 1184 
1 2 829 929 
1 2 829 865 
1 2 865 829 
1 2 865 1185 
1 2 867 1105 
1 2 867 1116 
1 3 867 1076 1138 
1 2 877 988 
1 3 882 803 1185 
1 3 906 1100 906 
1 2 906 1100 
1 2 906 1737 
1 2 906 1238 
1 3 906 1238 1016 
1 6 906 1238 988 1102 941 917 
1 3 906 1100 906 
1 6 917 941 1102 988 1238 906 
1 2 917 941 
1 2 929 1184 
1 3 929 1184 1185 
1 2 929 829 
1 2 933 934 
1 2 933 956 
1 3 934 828 815 
1 4 934 828 815 828 
1 3 934 1235 885 
1 2 934 828 
1 3 934 1235 885 
1 2 934 828 
1 2 934 1235 
1 2 934 933 
1 3 934 933 1211 
1 2 941 917 
1 2 956 933 
1 2 956 985 
1 2 985 956 
1 3 985 956 1211 
1 2 985 1105 
1 2 988 1001 
1 2 988 877 
1 2 988 1238 
1 2 1001 988 
1 2 1016 1102 
1 3 1016 1238 906 
1 2 1076 1517 
1 2 1100 1552 
1 2 1100 906 
1 2 1102 1016 
1 3 1102 941 1222 
1 3 1102 941 1222 
1 2 1105 985 
1 3 1105 985 1184 
1 2 1105 867 
1 2 1116 867 
1 2 1116 899 
1 3 1138 1517 1515 
1 3 1138 1517 1516 
1 3 1138 1076 867 
1 3 1142 871 1123 
1 4 1142 843 1135 1182 
1 4 1142 871 803 1233 
1 3 1184 985 1105 
1 2 1184 1233 
1 2 1184 929 
1 3 1184 929 829 
1 2 1185 803 
1 3 1185 803 882 
1 3 1185 1184 929 
1 2 1185 865 
1 3 1211 933 934 
1 3 1211 956 985 
1 3 1222 941 1102 
1 2 1222 949 
1 2 1222 1436 
1 3 1222 1436 1439 
1 3 1222 941 1102 
1 2 1222 949 
1 4 1233 803 871 1142 
1 2 1233 1184 
1 2 1238 988 
1 2 1238 906 
1 2 1437 1829 
1 3 1437 1829 1737 
1 2 1437 1829 
1 2 1515 1560 
1 3 1515 1517 1138 
1 3 1516 1517 1138 
1 2 1516 1020 
1 2 1516 1517 
1 2 1517 1559 
1 2 1517 1076 
1 2 1517 1516 
1 2 1520 1929 
1 2 1533 2057 
1 2 1533 1661 
1 2 1533 1661 
1 4 1533 2057 1533 2057 
1 2 1546 1772 
1 2 1546 1772 
1 2 1551 1552 
1 2 1552 1100 
1 2 1552 1551 
1 2 1559 1560 
1 2 1559 1517 
1 2 1560 1559 
1 2 1560 1515 
1 2 1644 2058 
1 3 1661 1533 2057 
1 2 1661 1533 
1 2 1661 1533 
1 3 1737 1829 1437 
1 2 1737 906 
1 2 1737 1829 
1 2 1772 1546 
1 2 1772 1546 
1 2 1772 2058 
1 2 1829 1437 
1 2 1829 1437 
1 2 1829 1737 
1 2 1929 1520 
1 2 2058 1644 
1 2 2058 1772 
1 2 9 597 
1 2 9 597 
1 2 9 122 
1 2 122 9 
1 2 122 2117 
1 2 122 267 
1 2 267 633 
1 2 267 55 
1 2 267 122 
1 2 597 9 
1 2 597 2181 
1 2 597 2181 
1 2 597 2181 
1 2 597 9 
1 2 633 2289 
1 2 633 1870 
1 2 633 1480 
1 2 633 267 
1 2 1450 1459 
1 2 1450 2018 
1 2 1450 1454 
1 2 1450 1454 
1 2 1451 1453 
1 2 1451 1455 
1 2 1452 1456 
1 2 1452 1456 
1 2 1452 1456 
1 3 1452 1459 1458 
1 2 1453 1451 
1 2 1454 1455 
1 2 1454 1450 
1 2 1454 1450 
1 2 1454 1461 
1 2 1455 1451 
1 2 1455 1454 
1 2 1456 1452 
1 2 1456 1452 
1 2 1456 1452 
1 3 1457 1450 1459 
1 2 1457 2292 
1 3 1458 1459 1452 
1 2 1458 1459 
1 4 1458 1459 1454 1461 
1 2 1459 1458 
1 2 1459 1450 
1 3 1459 1450 1457 
1 2 1460 1818 
1 2 1460 1818 
1 2 1460 1818 
1 4 1461 1454 1459 1458 
1 2 1461 1454 
1 2 1475 2041 
1 2 1475 1476 
1 2 1476 1717 
1 2 1476 1475 
1 2 1476 1717 
1 2 1477 1840 
1 3 1477 1840 1720 
1 2 1478 1524 
1 2 1478 1524 
1 2 1478 2282 
1 2 1479 1698 
1 2 1480 2068 
1 3 1480 2068 1720 
1 2 1480 633 
1 2 1481 1955 
1 2 1481 1955 
1 2 1514 1892 
1 2 1514 1892 
1 2 1524 1478 
1 2 1524 1478 
1 3 1524 1526 1527 
1 2 1524 1526 
1 2 1525 1695 
1 2 1525 1695 
1 2 1525 2117 
1 2 1525 2117 
1 3 1526 1527 1528 
1 2 1526 1524 
1 2 1527 1528 
1 3 1527 1526 1524 
1 2 1528 1527 
1 3 1528 1527 1526 
1 2 1621 1698 
1 2 1621 1698 
1 2 1665 2115 
1 2 1695 1525 
1 2 1695 1525 
1 2 1698 1621 
1 2 1698 1479 
1 2 1698 1621 
1 2 1703 1734 
1 2 1717 1476 
1 2 1717 1476 
1 3 1717 1476 2069 
1 3 1720 2068 1753 
1 3 1720 2068 1480 
1 3 1720 1840 1477 
1 2 1734 1703 
1 2 1734 1892 
1 2 1753 2285 
1 2 1753 2285 
1 3 1753 2068 1720 
1 2 1818 1460 
1 2 1818 1460 
1 2 1818 1460 
1 2 1840 1477 
1 2 1870 633 
1 2 1892 2066 
1 2 1892 1514 
1 2 1892 1514 
1 2 1892 1734 
1 2 1937 2069 
1 2 1955 1481 
1 2 1955 1481 
1 2 1955 2041 
1 2 2018 1450 
1 2 2041 1955 
1 2 2041 1475 
1 2 2041 2285 
1 2 2066 1892 
1 2 2068 1480 
1 2 2069 1937 
1 3 2069 1476 1717 
1 2 2069 2289 
1 2 2115 2184 
1 2 2115 1665 
1 2 2181 597 
1 2 2181 597 
1 2 2181 597 
1 2 2184 2115 
1 2 2282 1478 
1 2 2285 2041 
1 2 2285 1753 
1 2 2285 1753 
1 2 2289 2069 
1 2 2289 633 
1 2 2292 1457 
1 2 1406 1407 
1 2 1406 1407 
1 2 1406 1407 
1 2 1808 2223 
1 2 1808 2286 
1 2 1808 2174 
1 2 1834 1880 
1 2 1880 1834 
1 2 1880 2173 
1 2 1880 1953 
1 2 1952 2217 
1 2 1953 1880 
1 2 1953 2274 
1 2 1953 2224 
1 2 1973 1974 
1 2 1973 2273 
1 2 1974 2137 
1 2 1974 1973 
1 2 2012 2225 
1 2 2064 2225 
1 2 2064 2225 
1 2 2099 2271 
1 2 2104 2172 
1 2 2104 2172 
1 2 2137 1974 
1 2 2172 2104 
1 2 2172 2104 
1 2 2173 1880 
1 2 2173 2220 
1 2 2174 1808 
1 2 2217 1952 
1 2 2218 2273 
1 2 2219 2220 
1 2 2220 2219 
1 2 2220 2173 
1 2 2223 1808 
1 2 2223 2224 
1 2 2224 2223 
1 2 2224 1953 
1 2 2225 2012 
1 2 2225 2064 
1 2 2225 2064 
1 2 2271 2099 
1 2 2272 1700 
1 2 2273 2218 
1 2 2273 1973 
1 2 2274 1953 
1 2 2286 1808 
1 3 5 289 5 
1 2 5 1805 
1 2 5 289 
1 3 5 289 5 
1 2 62 490 
1 2 62 313 
1 2 90 689 
1 2 90 769 
1 2 140 490 
1 3 171 529 313 
1 4 171 2255 171 2255 
1 4 171 2255 171 2255 
1 2 171 289 
1 2 212 1902 
1 2 212 1902 
1 2 212 313 
1 2 212 313 
1 2 264 769 
1 2 264 519 
1 2 274 716 
1 2 274 289 
1 2 289 171 
1 2 289 274 
1 2 289 5 
1 2 313 212 
1 3 313 529 171 
1 2 313 212 
1 2 313 62 
1 2 313 354 
1 2 336 657 
1 2 336 689 
1 2 354 313 
1 2 354 705 
1 2 360 2004 
1 2 360 2004 
1 2 360 769 
1 2 360 2004 
1 2 412 492 
1 2 412 769 
1 3 412 379 506 
1 2 490 140 
1 2 490 62 
1 2 492 412 
1 2 501 129 
1 2 501 2257 
1 2 501 519 
1 2 501 129 
1 2 519 264 
1 2 519 501 
1 2 536 1925 
1 2 536 1925 
1 2 536 1710 
1 2 536 1925 
1 2 536 1710 
1 3 536 1710 1634 
1 2 657 716 
1 2 657 336 
1 2 683 2092 
1 2 689 336 
1 2 689 90 
1 2 705 354 
1 3 705 354 716 
1 3 716 354 705 
1 2 716 657 
1 2 716 274 
1 2 769 90 
1 2 769 412 
1 2 769 264 
1 2 769 360 
1 2 1500 1688 
1 2 1500 1688 
1 4 1500 1502 1501 1869 
1 2 1501 1502 
1 2 1501 1869 
1 2 1502 1501 
1 2 1535 2265 
1 3 1558 1947 1837 
1 2 1595 1783 
1 2 1595 1814 
1 3 1634 1710 536 
1 2 1648 2257 
1 2 1648 84 
1 2 1688 1500 
1 2 1688 1500 
1 2 1710 536 
1 2 1710 536 
1 2 1711 1968 
1 3 1731 1837 2265 
1 2 1731 1837 
1 2 1783 1595 
1 2 1783 2320 
1 2 1783 2320 
1 2 1805 2163 
1 2 1805 5 
1 2 1805 2164 
1 2 1814 1595 
1 2 1837 1947 
1 3 1837 1947 1558 
1 2 1837 1731 
1 2 1869 1501 
1 4 1869 1501 1502 1500 
1 2 1902 212 
1 2 1902 212 
1 2 1903 2211 
1 2 1903 1968 
1 2 1947 1837 
1 2 1968 1711 
1 2 1968 1903 
1 2 2004 360 
1 2 2004 360 
1 2 2004 360 
1 2 2092 683 
1 2 2093 2209 
1 4 2134 1731 1837 2265 
1 2 2163 1805 
1 2 2164 1805 
1 2 2209 2093 
1 2 2211 1903 
1 2 2257 501 
1 2 2257 129 
1 2 2257 1648 
1 3 2265 1837 1731 
1 4 2265 1837 1731 2134 
1 2 2265 1535 
1 2 2320 1783 
1 2 2320 1783 
1 2 3 226 
1 2 22 607 
1 2 22 328 
1 2 43 413 
1 2 43 413 
1 3 43 764 413 
1 3 49 654 85 
1 2 49 414 
1 3 58 745 470 
1 2 58 745 
1 2 58 745 
1 2 58 577 
1 2 63 414 
1 2 63 199 
1 3 63 199 339 
1 3 68 324 766 
1 2 68 150 
1 3 69 593 328 
1 2 69 593 
1 3 69 593 489 
1 2 85 667 
1 2 85 667 
1 2 85 735 
1 3 85 169 49 
1 2 113 2030 
1 3 136 581 324 
1 2 141 390 
1 2 150 786 
1 3 150 786 213 
1 2 150 68 
1 2 169 2030 
1 2 170 498 
1 2 170 216 
1 2 192 544 
1 3 192 323 578 
1 3 192 323 601 
1 3 192 323 1738 
1 2 192 544 
1 2 198 226 
1 2 199 63 
1 2 199 261 
1 4 199 339 199 261 
1 2 199 626 
1 2 205 741 
1 2 211 1748 
1 2 211 330 
1 2 211 588 
1 2 213 577 
1 2 213 786 
1 2 213 577 
1 3 213 786 150 
1 3 213 640 741 
1 2 216 170 
1 2 216 377 
1 4 216 377 244 583 
1 2 226 198 
1 2 226 3 
1 2 244 377 
1 2 244 583 
1 3 246 63 684 
1 2 246 722 
1 4 246 63 199 339 
1 2 261 199 
1 2 261 722 
1 4 261 199 339 199 
1 2 261 1738 
1 3 265 292 724 
1 2 265 564 
1 2 265 564 
1 3 265 564 271 
1 3 271 564 265 
1 2 271 475 
1 4 271 475 435 441 
1 2 277 735 
1 2 277 620 
1 2 292 330 
1 2 292 1679 
1 6 292 265 318 324 766 410 
1 2 306 435 
1 3 318 271 475 
1 2 318 324 
1 2 318 581 
1 2 323 722 
1 2 324 766 
1 2 324 766 
1 3 324 318 581 
1 3 324 581 136 
1 2 324 766 
1 2 324 318 
1 2 328 22 
1 2 328 593 
1 3 328 593 69 
1 2 330 211 
1 2 330 292 
1 2 330 588 
1 2 330 724 
1 3 339 199 63 
1 4 339 199 63 246 
1 2 377 216 
1 2 377 244 
1 2 390 674 
1 2 390 141 
1 2 390 19 
1 6 410 766 324 318 265 292 
1 2 410 766 
1 2 410 766 
1 2 413 579 
1 3 413 764 43 
1 2 413 764 
1 2 413 43 
1 2 413 43 
1 2 414 49 
1 2 414 63 
1 2 435 306 
1 3 435 441 580 
1 2 441 580 
1 4 441 435 475 271 
1 4 441 435 441 580 
1 2 456 578 
1 2 470 745 
1 2 470 745 
1 3 470 745 58 
1 3 471 198 583 
1 2 471 619 
1 2 475 271 
1 3 475 271 318 
1 3 498 170 620 
1 2 498 170 
1 3 544 192 544 
1 2 544 1575 
1 2 544 192 
1 2 544 192 
1 3 544 192 544 
1 2 564 265 
1 2 564 265 
1 2 577 213 
1 2 577 58 
1 2 577 213 
1 3 577 213 786 
1 2 578 456 
1 3 578 323 192 
1 2 579 413 
1 2 580 441 
1 2 580 162 
1 3 580 162 495 
1 3 580 162 495 
1 3 580 441 435 
1 2 580 162 
1 4 580 441 435 441 
1 3 581 318 324 
1 2 581 318 
1 2 581 513 
1 4 583 244 377 216 
1 2 583 244 
1 3 583 198 471 
1 2 588 330 
1 2 588 211 
1 2 593 609 
1 2 593 328 
1 3 593 69 642 
1 2 593 69 
1 2 593 489 
1 3 601 323 192 
1 2 607 22 
1 2 609 593 
1 3 620 277 654 
1 2 620 277 
1 3 620 277 654 
1 3 620 170 498 
1 2 640 779 
1 2 640 741 
1 2 642 682 
1 3 642 69 593 
1 2 642 619 
1 3 654 277 620 
1 3 654 277 620 
1 2 667 1521 
1 2 667 85 
1 2 667 85 
1 2 682 642 
1 3 684 63 246 
1 2 722 323 
1 2 722 1738 
1 2 722 246 
1 2 722 261 
1 3 724 292 1679 
1 2 724 330 
1 3 724 292 265 
1 2 735 277 
1 2 735 85 
1 3 741 640 213 
1 2 741 640 
1 2 741 205 
1 2 745 470 
1 2 745 470 
1 2 745 58 
1 2 745 58 
1 2 764 1962 
1 2 764 413 
1 2 766 410 
1 2 766 324 
1 2 766 324 
1 2 766 410 
1 2 766 324 
1 3 766 324 68 
1 2 779 640 
1 2 786 213 
1 2 786 150 
1 3 786 213 577 
1 2 1521 2148 
1 2 1521 2148 
1 2 1521 1758 
1 2 1521 1980 
1 2 1521 667 
1 2 1529 1716 
1 2 1529 1575 
1 2 1529 1716 
1 2 1575 544 
1 2 1575 1529 
1 3 1679 292 724 
1 2 1679 292 
1 2 1699 1716 
1 2 1701 1962 
1 2 1701 1980 
1 2 1705 2030 
1 2 1716 1529 
1 2 1716 1529 
1 2 1716 1699 
1 2 1738 261 
1 3 1738 323 192 
1 2 1738 722 
1 2 1748 211 
1 2 1748 2053 
1 2 1748 2053 
1 2 1962 1701 
1 2 1962 764 
1 2 1980 1701 
1 2 1980 1521 
1 2 1980 2084 
1 2 2030 33 
1 2 2030 169 
1 2 2030 113 
1 2 2030 1705 
1 2 2053 1748 
1 2 2053 1748 
1 2 806 1601 
1 2 806 1763 
1 2 806 1168 
1 3 812 1065 977 
1 2 812 1065 
1 2 812 946 
1 3 812 1065 1243 
1 2 812 1225 
1 2 848 1241 
1 2 848 1168 
1 2 848 1093 
1 2 873 1228 
1 3 873 1228 1067 
1 2 911 1229 
1 3 911 1212 2085 
1 2 946 1048 
1 2 946 812 
1 3 946 1201 846 
1 2 946 1201 
1 2 977 1065 
1 3 977 1065 812 
1 2 987 1228 
1 2 1048 946 
1 2 1065 977 
1 2 1065 812 
1 3 1067 1228 1143 
1 3 1067 1228 873 
1 2 1067 1243 
1 2 1093 848 
1 2 1093 1241 
1 3 1143 1093 1241 
1 2 1143 2085 
1 2 1143 1228 
1 3 1143 1228 1067 
1 3 1168 848 1241 
1 2 1168 806 
1 2 1168 848 
1 2 1212 2085 
1 2 1225 2254 
1 2 1225 812 
1 2 1225 2254 
1 2 1228 987 
1 2 1228 1143 
1 2 1228 873 
1 2 1228 1243 
1 2 1229 911 
1 2 1241 848 
1 3 1241 848 1168 
1 3 1241 1093 1143 
1 2 1241 1093 
1 2 1243 1228 
1 2 1243 1067 
1 3 1243 1065 812 
1 2 1412 2129 
1 2 1412 1663 
1 2 1418 2129 
1 2 1418 1428 
1 2 1418 1428 
1 2 1418 1426 
1 2 1423 1428 
1 3 1423 1428 1424 
1 2 1423 1663 
1 2 1428 1423 
1 2 1428 1418 
1 2 1428 1424 
1 2 1428 1424 
1 2 1428 1418 
1 4 1428 1426 1428 1426 
1 2 1506 1866 
1 2 1506 1866 
1 2 1506 2154 
1 3 1601 1923 1619 
1 3 1601 1923 1619 
1 2 1601 1923 
1 2 1601 2205 
1 2 1601 806 
1 2 1601 1923 
1 2 1663 1412 
1 2 1663 1423 
1 2 1721 1802 
1 2 1721 2162 
1 2 1763 1031 
1 2 1763 806 
1 2 1802 1721 
1 2 1866 1506 
1 2 1866 1506 
1 2 2085 1212 
1 3 2085 1212 911 
1 2 2085 1143 
1 2 2129 1412 
1 2 2129 1418 
1 2 2154 1506 
1 2 2162 1721 
1 2 2205 1601 
1 2 2254 1225 
1 2 2254 1225 
1 2 2254 1782 
1 3 791 945 1174 
1 2 791 1032 
1 5 791 945 1098 960 1210 
1 2 798 949 
1 2 798 1438 
1 2 798 949 
1 2 798 1204 
1 2 798 1487 
1 2 798 1487 
1 2 805 1124 
1 3 805 1124 1009 
1 2 809 1003 
1 3 809 1003 1009 
1 2 809 1003 
1 2 817 1232 
1 2 817 930 
1 2 817 1232 
1 2 817 930 
1 2 831 919 
1 4 831 1101 895 1101 
1 2 831 1029 
1 3 831 1101 895 
1 2 887 1099 
1 2 887 1098 
1 2 895 1132 
1 3 895 1190 1026 
1 2 895 1190 
1 2 895 948 
1 2 895 948 
1 3 895 1101 831 
1 2 919 1132 
1 2 919 1028 
1 2 919 831 
1 3 927 887 1098 
1 3 927 809 1210 
1 2 930 817 
1 2 930 817 
1 2 930 1014 
1 2 945 1098 
1 2 945 1174 
1 2 948 984 
1 2 948 1190 
1 2 948 895 
1 2 948 895 
1 2 949 1222 
1 2 949 1222 
1 2 949 1436 
1 2 949 798 
1 2 949 798 
1 2 950 1046 
1 2 950 1213 
1 2 960 1210 
1 2 993 1059 
1 2 993 1059 
1 2 993 1032 
1 2 1003 809 
1 2 1003 809 
1 2 1003 1009 
1 2 1009 1003 
1 3 1009 1003 809 
1 2 1009 1124 
1 3 1009 1124 805 
1 2 1014 930 
1 2 1028 919 
1 3 1028 919 1029 
1 4 1028 919 1029 1132 
1 3 1029 919 1028 
1 2 1029 831 
1 4 1032 945 1130 1099 
1 2 1032 791 
1 2 1032 993 
1 2 1037 1130 
1 2 1045 1059 
1 2 1046 1068 
1 2 1046 1000 
1 7 1046 1000 1213 1000 1046 1000 1213 
1 2 1046 950 
1 2 1055 1204 
1 2 1055 1204 
1 2 1059 1232 
1 2 1059 1045 
1 2 1059 993 
1 2 1059 993 
1 2 1068 1173 
1 2 1068 1046 
1 3 1098 887 927 
1 2 1098 887 
1 2 1098 945 
1 2 1099 1213 
1 3 1099 1137 1120 
1 2 1099 887 
1 4 1099 1130 945 1032 
1 3 1101 895 1132 
1 4 1101 895 1101 831 
1 2 1101 1232 
1 2 1120 1137 
1 3 1120 1137 1099 
1 2 1124 805 
1 2 1124 1009 
1 2 1130 1037 
1 2 1130 1196 
1 3 1132 895 1190 
1 2 1132 895 
1 2 1132 919 
1 4 1132 1029 919 1028 
1 3 1132 895 1101 
1 3 1137 927 1149 
1 2 1137 1120 
1 3 1149 927 1137 
1 2 1174 1196 
1 2 1174 945 
1 3 1174 945 791 
1 2 1196 1130 
1 2 1196 1174 
1 2 1204 798 
1 2 1204 1055 
1 2 1204 1055 
1 3 1210 809 927 
1 5 1210 960 1098 945 791 
1 2 1210 960 
1 2 1220 1232 
1 2 1232 1101 
1 2 1232 817 
1 2 1232 1220 
1 2 1232 1059 
1 2 1232 817 
1 2 1436 1222 
1 2 1436 949 
1 2 1436 1439 
1 2 1436 1438 
1 2 1436 1439 
1 2 1438 798 
1 2 1438 1436 
1 2 1438 1440 
1 3 1439 1436 1222 
1 2 1439 1436 
1 2 1439 162 
1 2 1439 495 
1 2 1439 1436 
1 2 1440 1438 
1 2 1487 798 
1 2 1487 798 
1 3 1488 1490 1492 
1 2 1488 1490 
1 2 1489 1967 
1 2 1489 1492 
1 2 1490 1488 
1 2 1490 1491 
1 2 1491 1490 
1 3 1491 1494 1493 
1 12 1491 1494 1493 72 729 648 454 592 448 515 56 305 
1 2 1492 1590 
1 3 1492 1490 1488 
1 2 1492 1967 
1 2 1492 1489 
1 2 1493 1494 
1 4 1493 1494 1491 1494 
1 3 1493 1494 1491 
1 10 1493 72 729 648 454 592 448 515 56 305 
1 2 1494 1493 
1 4 1494 1491 1494 1493 
1 2 1503 1557 
1 2 1534 1635 
1 2 1557 2266 
1 2 1557 1503 
1 2 1584 1678 
1 2 1584 1678 
1 2 1590 1492 
1 2 1635 1534 
1 2 1678 2266 
1 2 1678 2266 
1 2 1678 1584 
1 2 1678 1584 
1 2 1746 2266 
1 2 1967 1489 
1 2 1967 1492 
1 2 2266 1746 
1 2 2266 1557 
1 2 2266 1678 
1 2 2266 1678 
1 2 1555 1672 
1 2 1555 1672 
1 3 1579 1606 1972 
1 2 1579 1606 
1 2 1579 1793 
1 2 1588 1793 
1 2 1588 2133 
1 2 1606 1972 
1 2 1606 1579 
1 2 1611 1972 
1 2 1627 1745 
1 2 1628 2263 
1 2 1628 1916 
1 2 1633 1872 
1 2 1653 1745 
1 2 1653 1776 
1 2 1653 1671 
1 2 1671 1653 
1 2 1672 2133 
1 2 1672 1555 
1 2 1672 1555 
1 2 1680 2059 
1 2 1690 1750 
1 2 1745 1653 
1 2 1745 1627 
1 2 1750 2096 
1 2 1750 1690 
1 2 1766 1916 
1 2 1766 2168 
1 2 1766 2168 
1 2 1776 2096 
1 2 1776 1653 
1 2 1776 2096 
1 2 1776 1872 
1 2 1793 1588 
1 2 1793 1579 
1 2 1861 2264 
1 2 1872 1633 
1 2 1872 1776 
1 2 1887 2168 
1 2 1916 1628 
1 2 1916 1766 
1 2 1972 1611 
1 2 1972 1606 
1 3 1972 1606 1579 
1 2 2059 1680 
1 2 2096 1750 
1 2 2096 1776 
1 2 2096 1776 
1 2 2133 1672 
1 2 2133 1588 
1 2 2168 1766 
1 2 2168 1766 
1 2 2168 1887 
1 2 2263 1628 
1 2 2264 1861 
1 3 7 300 432 
1 2 7 1787 
1 3 79 523 145 
1 3 79 523 754 
1 10 79 523 145 665 425 109 481 7 751 260 
1 3 145 665 425 
1 2 145 665 
1 3 145 523 79 
1 2 145 523 
1 2 145 754 
1 2 145 523 
1 4 145 523 79 340 
1 2 146 315 
1 2 260 516 
1 10 260 751 7 481 109 51 381 754 523 79 
1 2 260 516 
1 2 260 630 
1 12 315 630 260 751 7 481 109 51 381 754 523 340 
1 13 315 146 630 260 751 7 481 109 51 381 754 523 340 
1 2 315 146 
1 2 315 630 
1 14 340 523 145 665 425 109 481 7 751 260 630 146 315 630 
1 13 340 523 145 665 425 109 481 7 751 260 630 146 315 
1 4 340 79 523 145 
1 12 340 523 145 665 425 109 481 7 751 260 630 315 
1 2 351 540 
1 2 351 540 
1 2 427 432 
1 2 427 540 
1 2 427 540 
1 3 432 27 567 
1 2 432 27 
1 3 432 427 540 
1 2 432 27 
1 2 432 457 
1 3 432 300 7 
1 2 432 300 
1 2 432 427 
1 4 457 760 459 348 
1 2 457 760 
1 2 457 432 
1 4 516 751 7 540 
1 5 516 751 7 540 2210 
1 2 516 260 
1 2 516 751 
1 2 516 260 
1 2 523 145 
1 2 523 145 
1 2 540 427 
1 2 540 351 
1 4 540 7 751 516 
1 2 540 351 
1 2 540 427 
1 3 540 427 432 
1 2 630 260 
1 2 630 2210 
1 14 630 315 146 630 260 751 7 481 109 51 381 754 523 340 
1 2 630 315 
1 3 751 7 1787 
1 3 751 7 1787 
1 2 751 516 
1 2 754 145 
1 3 754 523 79 
1 3 754 381 665 
1 2 754 66 
1 3 1507 1508 1507 
1 2 1507 1508 
1 2 1507 1508 
1 2 1507 1508 
1 3 1507 1508 1507 
1 2 1508 1507 
1 2 1508 1507 
1 2 1508 1507 
1 2 1510 1730 
1 2 1510 1596 
1 2 1641 1715 
1 2 1684 2261 
1 2 1707 1727 
1 2 1715 1641 
1 2 1727 1707 
1 2 1730 1510 
1 2 1787 7 
1 3 1787 7 751 
1 3 1787 7 751 
1 5 2210 540 7 751 516 
1 2 2210 630 
1 2 2261 1684 
1 2 2261 2262 
1 2 2261 2262 
1 2 2262 2261 
1 2 2262 2261 
1 2 236 554 
1 3 257 348 600 
1 2 257 348 
1 3 257 348 235 
1 3 257 348 18 
1 3 257 677 39 
1 3 300 677 348 
1 2 300 432 
1 2 348 2039 
1 2 348 2039 
1 3 348 16 772 
1 3 348 600 103 
1 3 348 235 82 
1 2 348 18 
1 2 348 257 
1 2 348 677 
1 3 348 459 760 
1 4 348 677 300 457 
1 3 348 677 300 
1 2 459 554 
1 2 554 459 
1 2 554 236 
1 2 677 2148 
1 2 677 2148 
1 2 677 348 
1 3 677 235 82 
1 3 677 411 561 
1 3 760 459 348 
1 5 760 459 18 17 229 
1 5 760 459 18 17 217 
1 2 760 457 
1 2 789 902 
1 3 792 998 1197 
1 5 792 998 1197 872 1096 
1 2 795 1121 
1 2 801 995 
1 3 801 815 1235 
1 2 810 1096 
1 3 810 1197 872 
1 2 815 974 
1 2 815 828 
1 2 815 828 
1 3 815 828 934 
1 3 821 1172 1005 
1 2 821 1023 
1 2 828 815 
1 3 828 815 828 
1 4 828 815 1235 934 
1 2 828 815 
1 3 828 815 828 
1 2 828 934 
1 2 828 934 
1 2 832 1069 
1 3 832 849 894 
1 2 832 1157 
1 2 832 849 
1 8 832 1157 1008 951 958 823 883 1103 
1 2 834 1145 
1 3 838 1084 1179 
1 2 838 1084 
1 3 838 940 998 
1 3 838 940 998 
1 2 838 940 
1 2 838 940 
1 3 838 909 1230 
1 2 845 965 
1 3 845 965 968 
1 2 849 832 
1 2 849 1192 
1 3 849 1006 1119 
1 2 858 2207 
1 2 858 1159 
1 2 860 1993 
1 2 864 870 
1 2 866 1119 
1 2 866 1123 
1 3 869 962 872 
1 2 870 864 
1 2 872 1096 
1 3 872 1197 810 
1 3 872 962 869 
1 2 875 1993 
1 2 875 1084 
1 2 875 1056 
1 2 878 1111 
1 2 878 1166 
1 3 894 849 832 
1 2 898 962 
1 4 898 961 962 1192 
1 2 898 942 
1 2 902 789 
1 4 902 789 910 1121 
1 3 903 1034 1008 
1 2 903 1104 
1 3 909 1084 1056 
1 2 909 1042 
1 4 910 1121 924 1054 
1 2 910 1121 
1 2 924 1054 
1 3 924 858 1159 
1 2 924 1195 
1 3 938 866 1119 
1 2 940 838 
1 2 940 838 
1 2 940 1868 
1 4 942 898 962 1152 
1 2 942 1111 
1 2 942 898 
1 2 959 1021 
1 2 959 1218 
1 3 961 962 1192 
1 2 962 1152 
1 2 962 898 
1 4 965 1097 845 1218 
1 2 965 845 
1 5 965 845 915 989 1052 
1 3 968 965 845 
1 2 968 854 
1 2 974 995 
1 2 974 815 
1 3 990 870 1166 
1 2 995 1899 
1 2 995 974 
1 3 995 1148 1199 
1 2 995 801 
1 3 995 974 1169 
1 3 998 940 838 
1 3 998 940 838 
1 4 998 834 998 1919 
1 3 998 834 1145 
1 3 999 1021 1187 
1 4 999 1021 959 1218 
1 2 999 1760 
1 3 999 1760 1585 
1 3 1005 1172 821 
1 2 1005 1010 
1 3 1005 1010 1150 
1 3 1006 1157 1069 
1 2 1021 2253 
1 2 1021 2161 
1 2 1021 959 
1 2 1023 821 
1 3 1023 1110 1097 
1 2 1042 909 
1 2 1042 1230 
1 4 1050 1195 858 1054 
1 2 1050 1195 
1 2 1050 1172 
1 2 1054 2314 
1 4 1054 924 1121 910 
1 2 1054 924 
1 4 1054 858 1195 1050 
1 2 1056 875 
1 3 1056 1084 909 
1 3 1057 801 1148 
1 3 1057 801 1148 
1 2 1064 1187 
1 2 1069 832 
1 3 1069 1157 1006 
1 2 1081 1156 
1 5 1084 797 1198 896 976 
1 5 1084 797 1198 896 976 
1 2 1084 797 
1 2 1084 838 
1 2 1084 2249 
1 2 1084 1993 
1 2 1084 875 
1 2 1087 1964 
1 2 1087 1144 
1 5 1096 872 1197 998 792 
1 2 1096 810 
1 2 1096 872 
1 3 1097 845 1218 
1 2 1097 1110 
1 3 1097 1110 1023 
1 2 1104 903 
1 2 1104 1008 
1 2 1110 1097 
1 2 1111 878 
1 2 1111 942 
1 3 1119 869 849 
1 3 1119 866 938 
1 2 1119 866 
1 2 1121 795 
1 4 1121 910 789 902 
1 2 1121 910 
1 2 1144 1218 
1 2 1144 1087 
1 2 1145 834 
1 3 1145 834 998 
1 2 1148 1199 
1 3 1148 1199 1057 
1 3 1148 1199 1057 
1 2 1152 962 
1 4 1152 962 898 942 
1 2 1155 1183 
1 4 1155 1226 878 1166 
1 2 1155 1226 
1 2 1156 1183 
1 2 1156 1081 
1 4 1157 1008 1104 1008 
1 3 1157 1008 951 
1 2 1157 832 
1 12 1157 951 884 883 884 823 1077 958 951 1008 951 879 
1 7 1157 1008 951 958 823 883 1103 
1 2 1158 1964 
1 2 1158 1585 
1 2 1158 1240 
1 2 1158 915 
1 5 1158 915 989 915 824 
1 2 1159 2159 
1 2 1159 858 
1 3 1159 858 924 
1 4 1166 1081 1226 1155 
1 2 1166 878 
1 2 1166 2051 
1 3 1166 870 990 
1 2 1167 1589 
1 2 1167 1589 
1 2 1167 2029 
1 4 1167 1066 795 1193 
1 2 1167 2207 
1 3 1169 974 995 
1 2 1172 1050 
1 2 1183 1156 
1 2 1183 1155 
1 2 1187 2253 
1 2 1187 1064 
1 3 1187 1021 999 
1 3 1192 962 961 
1 2 1192 849 
1 4 1192 962 961 898 
1 4 1193 795 1066 1167 
1 2 1195 924 
1 2 1195 1050 
1 3 1197 998 792 
1 3 1199 1148 995 
1 2 1199 1148 
1 4 1218 959 1021 999 
1 2 1218 959 
1 2 1218 1144 
1 3 1218 845 1097 
1 4 1218 845 1097 965 
1 2 1226 2303 
1 2 1226 2303 
1 2 1226 1155 
1 3 1230 909 838 
1 2 1230 1042 
1 3 1235 815 801 
1 2 1235 934 
1 3 1585 1760 999 
1 2 1585 1964 
1 2 1585 1760 
1 2 1585 1158 
1 2 1586 1723 
1 2 1586 1877 
1 2 1594 1915 
1 2 1594 1801 
1 2 1626 2253 
1 2 1640 1723 
1 2 1658 975 
1 3 1658 975 1203 
1 3 1658 975 1203 
1 3 1658 975 1203 
1 2 1662 2159 
1 3 1662 858 2207 
1 2 1723 1586 
1 2 1723 1640 
1 3 1760 1626 2161 
1 2 1760 999 
1 2 1760 1585 
1 2 1800 1801 
1 2 1801 1594 
1 2 1801 1800 
1 2 1868 2241 
1 2 1868 940 
1 2 1868 1919 
1 2 1877 2315 
1 2 1877 1586 
1 2 1877 2315 
1 2 1899 995 
1 2 1901 1963 
1 2 1901 1963 
1 2 1915 1594 
1 2 1915 2314 
1 2 1919 1868 
1 4 1919 998 834 998 
1 2 1963 2208 
1 2 1963 2315 
1 2 1963 1901 
1 2 1963 1901 
1 2 1964 1585 
1 2 1964 1158 
1 2 1964 1087 
1 2 1993 1833 
1 2 1993 1833 
1 2 1993 875 
1 2 1993 1084 
1 2 1993 860 
1 2 2029 1167 
1 2 2029 2314 
1 2 2159 1159 
1 2 2159 1662 
1 2 2161 1021 
1 3 2161 1626 1760 
1 2 2207 1167 
1 2 2207 858 
1 3 2207 858 1662 
1 2 2208 1963 
1 2 2241 1868 
1 2 2253 1187 
1 2 2253 1626 
1 2 2253 1021 
1 2 2303 1226 
1 2 2303 1226 
1 2 2314 2029 
1 2 2314 1915 
1 2 2314 1054 
1 2 2315 1877 
1 2 2315 1963 
1 2 2315 1877 
1 2 8 368 
1 2 8 543 
1 2 8 426 
1 4 8 731 572 188 
1 3 13 726 333 
1 3 25 571 335 
1 2 25 571 
1 2 36 574 
1 2 37 479 
1 3 46 556 541 
1 2 64 703 
1 3 67 238 670 
1 3 103 737 299 
1 3 103 600 348 
1 3 107 468 543 
1 2 107 572 
1 3 107 572 598 
1 3 107 37 486 
1 2 110 299 
1 2 110 294 
1 4 112 681 478 239 
1 2 112 484 
1 2 125 387 
1 2 125 651 
1 2 125 552 
1 4 125 552 36 575 
1 3 125 552 137 
1 3 137 552 125 
1 2 137 487 
1 2 144 520 
1 2 151 525 
1 2 166 353 
1 2 166 445 
1 4 167 569 214 569 
1 3 168 206 570 
1 5 168 206 715 695 681 
1 2 179 2120 
1 2 179 386 
1 2 179 386 
1 4 188 572 731 8 
1 2 202 363 
1 2 202 574 
1 2 206 570 
1 2 214 569 
1 3 214 483 376 
1 3 220 545 703 
1 2 220 715 
1 4 235 103 737 541 
1 3 235 348 257 
1 2 238 2117 
1 2 238 670 
1 3 239 478 681 
1 4 239 478 681 112 
1 3 239 484 460 
1 4 251 13 726 333 
1 2 282 503 
1 2 282 762 
1 2 282 762 
1 3 282 762 568 
1 3 282 503 388 
1 2 294 110 
1 2 294 543 
1 2 299 110 
1 3 299 737 556 
1 3 299 737 103 
1 2 327 335 
1 3 333 726 13 
1 4 333 726 13 251 
1 2 333 726 
1 2 335 327 
1 3 335 571 25 
1 2 353 166 
1 4 357 520 376 483 
1 2 357 520 
1 2 361 445 
1 2 361 728 
1 2 363 484 
1 2 363 202 
1 2 363 574 
1 2 368 500 
1 2 368 8 
1 2 374 530 
1 2 374 500 
1 2 376 483 
1 3 376 483 214 
1 2 376 746 
1 2 386 179 
1 2 386 179 
1 2 387 728 
1 2 387 125 
1 3 388 503 282 
1 2 388 697 
1 2 422 664 
1 4 426 8 368 500 
1 2 426 8 
1 2 445 571 
1 2 445 166 
1 2 445 361 
1 3 460 484 239 
1 2 461 2039 
1 2 461 2039 
1 4 461 144 509 483 
1 2 461 646 
1 3 468 422 664 
1 2 478 681 
1 2 479 632 
1 2 479 37 
1 4 483 509 144 461 
1 2 483 376 
1 4 483 376 520 357 
1 2 484 112 
1 2 484 363 
1 3 486 37 107 
1 2 486 561 
1 2 500 374 
1 2 500 368 
1 4 500 368 8 426 
1 2 503 282 
1 2 503 697 
1 2 505 571 
1 3 509 116 55 
1 2 509 666 
1 2 520 144 
1 2 520 357 
1 2 521 762 
1 3 521 617 649 
1 2 521 568 
1 3 521 568 590 
1 2 525 151 
1 2 530 690 
1 2 530 374 
1 3 530 500 731 
1 2 541 737 
1 3 541 664 46 
1 4 541 737 103 235 
1 2 543 294 
1 2 543 8 
1 3 543 468 107 
1 2 545 703 
1 3 545 703 604 
1 6 552 125 728 361 445 765 
1 2 552 125 
1 3 556 737 299 
1 2 568 762 
1 3 568 762 282 
1 3 568 521 617 
1 2 568 521 
1 3 568 590 649 
1 3 569 214 666 
1 4 569 214 569 167 
1 2 569 214 
1 2 570 206 
1 2 570 695 
1 3 570 206 168 
1 2 571 25 
1 2 571 505 
1 2 571 445 
1 2 572 107 
1 2 574 36 
1 2 574 363 
1 2 574 202 
1 4 575 36 552 125 
1 3 590 568 521 
1 3 590 521 617 
1 3 598 572 107 
1 2 598 738 
1 3 604 703 545 
1 2 604 703 
1 5 604 64 695 681 695 
1 3 617 521 568 
1 3 617 521 590 
1 2 617 649 
1 2 623 765 
1 3 623 765 662 
1 2 632 479 
1 2 646 461 
1 3 649 590 568 
1 2 649 617 
1 3 649 590 521 
1 2 651 662 
1 2 651 125 
1 2 661 750 
1 2 661 82 
1 3 662 765 623 
1 2 662 651 
1 3 664 422 468 
1 2 664 422 
1 2 666 509 
1 3 666 214 569 
1 2 670 1820 
1 2 670 238 
1 3 670 238 67 
1 2 681 478 
1 5 681 695 715 206 168 
1 3 681 478 239 
1 2 690 746 
1 2 690 530 
1 5 695 681 695 64 604 
1 2 695 570 
1 2 697 503 
1 2 697 388 
1 3 703 545 220 
1 2 703 545 
1 2 703 64 
1 2 703 604 
1 2 715 220 
1 3 715 623 765 
1 2 726 333 
1 2 728 361 
1 2 728 387 
1 3 731 500 530 
1 2 737 541 
1 2 746 376 
1 2 746 690 
1 2 750 661 
1 2 762 282 
1 2 762 282 
1 2 762 521 
1 2 762 568 
1 3 765 623 715 
1 2 765 623 
1 6 765 445 361 728 125 552 
1 2 1495 2197 
1 2 1495 1960 
1 2 1522 1523 
1 3 1522 1758 1675 
1 5 1522 1758 1675 1759 2084 
1 2 1522 1523 
1 2 1523 1522 
1 2 1523 1522 
1 2 1553 1850 
1 2 1553 1850 
1 3 1675 1758 1522 
1 2 1675 1758 
1 2 1758 1675 
1 2 1758 1521 
1 2 1770 2302 
1 2 1820 670 
1 2 1850 1864 
1 2 1850 1553 
1 2 1850 1553 
1 2 1864 1850 
1 2 1920 2195 
1 2 1920 2195 
1 2 1960 1495 
1 2 2023 2120 
1 5 2084 1759 1675 1758 1522 
1 2 2084 1980 
1 2 2120 2023 
1 2 2120 179 
1 2 2148 172 
1 2 2148 1556 
1 2 2148 1521 
1 2 2148 33 
1 2 2148 561 
1 2 2148 677 
1 2 2148 172 
1 2 2148 1556 
1 2 2148 1521 
1 2 2148 677 
1 2 2195 1920 
1 2 2195 1920 
1 2 2197 1495 
1 2 2302 1770 
1 2 1313 1393 
1 2 1313 1362 
1 3 1319 1359 1323 
1 2 1319 1372 
1 2 1319 1364 
1 2 1320 1332 
1 2 1320 1352 
1 2 1323 1362 
1 2 1323 1349 
1 3 1323 1373 1328 
1 3 1323 1359 1319 
1 3 1328 1373 1328 
1 3 1328 1373 1359 
1 3 1328 1373 1328 
1 3 1328 1373 1323 
1 2 1328 1373 
1 3 1328 1397 1332 
1 3 1332 1397 1328 
1 3 1332 1320 1380 
1 2 1332 1320 
1 5 1332 1320 1352 1380 1370 
1 4 1332 1319 1364 1370 
1 2 1344 1544 
1 2 1344 1383 
1 2 1344 1383 
1 2 1348 1359 
1 2 1349 1323 
1 2 1352 1320 
1 2 1352 1380 
1 3 1359 1373 1328 
1 2 1359 1373 
1 2 1359 1348 
1 2 1359 1397 
1 2 1362 1313 
1 2 1362 1383 
1 2 1362 1323 
1 4 1370 1364 1319 1332 
1 5 1370 1380 1352 1320 1332 
1 2 1370 1392 
1 2 1370 1329 
1 2 1373 1383 
1 3 1373 1328 1397 
1 2 1373 1328 
1 2 1373 1359 
1 3 1379 1395 1656 
1 2 1379 1395 
1 2 1379 1346 
1 3 1380 1320 1332 
1 2 1380 1352 
1 2 1380 1795 
1 2 1383 1344 
1 2 1383 1373 
1 2 1383 1344 
1 2 1383 1362 
1 2 1393 1395 
1 2 1393 1313 
1 2 1395 1393 
1 2 1395 1346 
1 2 1395 1379 
1 3 1397 1328 1373 
1 2 1397 1359 
1 2 1400 1545 
1 2 1400 1742 
1 2 1400 1404 
1 3 1404 1403 1401 
1 3 1404 1403 1401 
1 2 1404 1400 
1 2 1544 2097 
1 2 1544 2268 
1 2 1544 1545 
1 2 1544 1344 
1 2 1545 1400 
1 2 1545 2097 
1 2 1545 1544 
1 2 1631 1402 
1 2 1656 1346 
1 3 1656 1395 1379 
1 2 1656 1346 
1 2 1733 1890 
1 2 1733 1890 
1 2 1795 1380 
1 2 1809 1890 
1 2 1890 1733 
1 2 1890 1733 
1 2 1890 1809 
1 2 2097 1545 
1 2 2097 1544 
1 2 2268 1544 
1 2 1530 2239 
1 2 1530 2119 
1 2 1616 1617 
1 2 1617 1616 
1 2 1754 2239 
1 2 1940 2192 
1 2 2047 2119 
1 2 2119 2047 
1 2 2119 1530 
1 2 2192 1940 
1 2 2239 1530 
1 2 2239 1754 
1 3 39 677 257 
1 2 39 393 
1 3 51 425 233 
1 2 51 694 
1 2 51 425 
1 3 65 561 718 
1 2 66 381 
1 2 66 2212 
1 4 66 1815 66 650 
1 2 66 754 
1 2 66 2212 
1 2 75 603 
1 2 75 718 
1 3 82 235 348 
1 2 82 661 
1 4 82 486 598 738 
1 2 82 561 
1 2 82 411 
1 3 82 235 677 
1 3 105 561 686 
1 3 105 158 418 
1 4 105 158 418 158 
1 2 105 756 
1 2 109 233 
1 2 109 233 
1 2 109 481 
1 2 109 233 
1 2 233 109 
1 3 233 425 51 
1 2 233 109 
1 2 233 109 
1 2 317 411 
1 2 381 665 
1 2 381 787 
1 2 381 66 
1 2 393 39 
1 2 411 82 
1 2 411 317 
1 2 425 51 
1 2 425 665 
1 3 425 665 145 
1 2 425 665 
1 3 481 393 603 
1 2 481 109 
1 2 561 2148 
1 2 561 82 
1 2 561 486 
1 3 561 411 677 
1 2 587 787 
1 2 603 75 
1 2 603 718 
1 3 603 718 673 
1 3 603 718 686 
1 3 603 393 481 
1 2 665 425 
1 2 665 145 
1 2 665 425 
1 2 665 381 
1 3 665 381 754 
1 3 673 75 603 
1 3 686 718 603 
1 3 686 561 105 
1 2 694 51 
1 2 718 603 
1 2 718 75 
1 3 718 561 65 
1 2 787 587 
1 2 787 381 
1 3 1815 66 650 
1 3 1815 66 650 
1 2 2212 66 
1 2 2212 66 
1 2 813 1040 
1 2 813 1161 
1 3 846 1201 946 
1 2 846 1201 
1 3 846 1201 971 
1 2 900 2002 
1 2 900 1180 
1 2 900 1180 
1 2 912 975 
1 2 912 1234 
1 3 920 971 1201 
1 4 920 1161 1040 1180 
1 3 920 1782 971 
1 2 920 1161 
1 3 971 1201 846 
1 2 971 992 
1 3 971 1782 920 
1 2 975 1031 
1 2 975 1658 
1 2 975 1203 
1 2 975 912 
1 2 992 1201 
1 2 992 971 
1 2 1031 1833 
1 2 1031 1833 
1 2 1031 1200 
1 2 1031 975 
1 2 1031 1200 
1 2 1031 1763 
1 2 1040 1180 
1 2 1040 813 
1 2 1074 2128 
1 2 1074 1587 
1 3 1161 1040 1180 
1 2 1161 813 
1 2 1161 920 
1 2 1180 900 
1 2 1180 900 
1 2 1180 1040 
1 4 1180 1040 1161 920 
1 3 1180 813 1161 
1 2 1201 946 
1 2 1201 846 
1 2 1201 992 
1 3 1201 971 920 
1 2 1203 975 
1 3 1203 975 1658 
1 3 1203 975 1658 
1 3 1203 975 1658 
1 2 1203 1234 
1 2 1203 1234 
1 2 1234 1203 
1 2 1234 1203 
1 2 1234 912 
1 2 1587 1074 
1 2 1659 2002 
1 2 1659 2003 
1 2 1782 2254 
1 2 2002 1659 
1 2 2002 900 
1 2 2003 1659 
1 2 2128 1074 
1 2 18 2039 
1 2 18 2039 
1 2 18 348 
1 3 18 17 229 
1 3 18 348 257 
1 7 21 385 342 706 230 74 407 
1 2 21 385 
1 3 21 385 342 
1 7 21 385 342 706 230 74 407 
1 2 27 432 
1 4 27 567 549 2005 
1 2 27 567 
1 2 27 567 
1 2 27 432 
1 2 50 407 
1 3 50 407 182 
1 2 50 407 
1 3 74 50 337 
1 3 74 469 143 
1 2 126 337 
1 3 143 759 424 
1 2 143 720 
1 2 143 276 
1 3 143 469 74 
1 2 182 415 
1 3 182 407 50 
1 2 182 415 
1 4 217 17 709 70 
1 2 217 229 
1 5 217 17 18 459 760 
1 3 229 709 70 
1 2 229 217 
1 3 229 17 18 
1 2 229 424 
1 5 229 17 18 459 760 
1 3 268 182 398 
1 2 337 126 
1 3 337 50 74 
1 3 398 50 407 
1 3 398 534 535 
1 3 398 182 268 
1 2 407 50 
1 3 407 50 398 
1 2 407 50 
1 3 407 182 415 
1 7 407 74 230 706 342 385 21 
1 7 407 74 230 706 342 385 21 
1 2 415 182 
1 2 415 770 
1 3 415 182 407 
1 2 415 182 
1 2 424 229 
1 3 424 759 143 
1 3 535 534 398 
1 2 549 567 
1 2 549 2005 
1 2 549 770 
1 2 567 27 
1 2 567 549 
1 3 567 549 1583 
1 2 567 27 
1 3 567 27 432 
1 2 770 415 
1 2 770 549 
1 3 1583 549 567 
1 2 1596 1510 
1 2 2005 549 
1 4 2005 549 567 27 
1 2 84 129 
1 2 84 1648 
1 2 84 291 
1 2 84 1736 
1 2 129 379 
1 2 129 501 
1 2 129 2257 
1 2 129 366 
1 2 129 501 
1 2 129 84 
1 2 291 84 
1 2 291 248 
1 2 291 458 
1 2 291 1736 
1 2 366 506 
1 3 366 506 379 
1 2 366 129 
1 4 366 506 379 637 
1 2 379 506 
1 2 379 129 
1 3 379 506 366 
1 2 379 637 
1 2 458 291 
1 4 458 364 458 364 
1 2 458 364 
1 4 458 364 458 364 
1 2 506 379 
1 3 506 379 412 
1 2 506 366 
1 6 637 473 364 473 511 466 
1 2 637 379 
1 4 637 379 506 366 
1 2 637 248 
1 2 1706 1736 
1 2 1736 1706 
1 2 1736 84 
1 2 1736 291 
1 2 1830 2094 
1 2 2094 1830 
1 2 35 676 
1 2 35 250 
1 2 35 676 
1 2 52 288 
1 2 52 719 
1 2 52 303 
1 2 55 267 
1 2 55 2146 
1 3 55 116 509 
1 2 55 2146 
1 2 77 482 
1 2 77 2298 
1 3 77 482 613 
1 2 116 719 
1 2 219 719 
1 3 250 35 676 
1 2 250 35 
1 2 256 1561 
1 2 256 1561 
1 2 256 594 
1 2 288 2146 
1 2 288 52 
1 2 303 52 
1 3 303 739 688 
1 2 303 565 
1 2 316 688 
1 2 316 526 
1 2 316 526 
1 3 343 613 482 
1 2 482 77 
1 3 482 77 343 
1 2 526 1826 
1 2 526 316 
1 2 526 316 
1 2 560 2298 
1 2 560 2298 
1 4 565 52 288 688 
1 2 565 303 
1 4 594 256 35 676 
1 2 594 256 
1 3 613 482 77 
1 2 613 676 
1 2 676 35 
1 3 676 35 250 
1 2 676 35 
1 4 676 35 256 594 
1 2 676 613 
1 2 688 316 
1 2 688 739 
1 5 688 739 149 763 149 
1 3 688 739 303 
1 4 688 288 52 565 
1 2 719 219 
1 8 719 52 288 688 739 149 763 149 
1 2 719 52 
1 2 719 116 
1 2 739 688 
1 5 739 149 763 149 172 
1 4 739 149 763 149 
1 3 739 149 763 
1 2 1556 2148 
1 2 1556 2148 
1 2 1561 2117 
1 2 1561 256 
1 2 1561 256 
1 2 1826 526 
1 2 2117 1525 
1 2 2117 1525 
1 2 2117 122 
1 2 2117 1561 
1 2 2117 238 
1 2 2146 55 
1 2 2146 288 
1 2 2146 55 
1 2 2298 77 
1 2 2298 560 
1 2 2298 560 
1 2 796 1127 
1 4 796 1127 1214 1095 
1 2 796 1115 
1 4 822 886 979 923 
1 2 822 886 
1 2 826 2122 
1 2 826 2050 
1 2 835 2247 
1 2 835 991 
1 2 835 991 
1 2 835 979 
1 2 841 1079 
1 7 852 1075 857 1075 1079 1231 1115 
1 3 852 1075 857 
1 2 857 1075 
1 5 857 1075 1079 1231 931 
1 3 857 1075 852 
1 2 886 923 
1 2 886 979 
1 2 886 822 
1 2 892 1189 
1 3 892 931 1231 
1 2 892 931 
1 2 923 2122 
1 2 923 2122 
1 2 923 2122 
1 2 923 886 
1 4 923 979 886 822 
1 3 923 826 1200 
1 2 931 892 
1 5 931 1231 1079 1075 857 
1 3 978 892 1108 
1 2 979 835 
1 3 979 835 1108 
1 2 979 886 
1 4 979 923 826 1200 
1 2 991 1140 
1 2 991 835 
1 2 991 835 
1 3 1012 1115 1231 
1 2 1022 2203 
1 2 1075 1079 
1 2 1075 857 
1 2 1079 841 
1 3 1079 841 1103 
1 2 1079 1075 
1 2 1095 964 
1 4 1095 1214 1127 796 
1 7 1103 883 823 958 951 1008 1157 
1 8 1103 883 823 958 951 1008 1157 832 
1 3 1103 841 1079 
1 3 1108 835 979 
1 3 1108 892 978 
1 2 1115 796 
1 2 1115 1231 
1 7 1115 1231 1079 1075 857 1075 852 
1 2 1127 1038 
1 2 1127 1214 
1 2 1127 1140 
1 2 1127 796 
1 3 1140 1127 1038 
1 2 1140 1127 
1 2 1140 991 
1 2 1189 892 
1 3 1200 826 923 
1 4 1200 826 923 979 
1 2 1200 1031 
1 2 1200 1031 
1 2 1214 964 
1 2 1214 1127 
1 2 1231 1115 
1 3 1231 1115 1012 
1 3 1231 931 892 
1 3 1619 826 2050 
1 3 1619 1923 1601 
1 3 1619 1923 1601 
1 2 1718 2299 
1 2 1718 1833 
1 2 1762 2300 
1 2 1768 2311 
1 2 1768 1979 
1 2 1833 1993 
1 2 1833 1031 
1 2 1833 1718 
1 2 1833 1993 
1 2 1833 1031 
1 2 1858 2300 
1 2 1895 2240 
1 4 1923 1619 826 2050 
1 2 1923 1601 
1 2 1923 1601 
1 2 1979 1768 
1 2 1979 2311 
1 2 2026 2027 
1 2 2027 2026 
1 3 2050 826 1619 
1 4 2050 826 1619 1923 
1 2 2050 826 
1 2 2122 923 
1 2 2122 826 
1 2 2122 923 
1 2 2122 923 
1 2 2203 1022 
1 2 2203 2310 
1 2 2203 2204 
1 2 2204 2203 
1 2 2240 1895 
1 2 2247 835 
1 2 2299 1718 
1 2 2300 1858 
1 2 2300 1762 
1 2 2310 2203 
1 2 2311 1768 
1 2 2311 1979 
1 2 11 524 
1 2 11 181 
1 3 19 685 674 
1 2 19 390 
1 2 23 616 
1 3 23 352 618 
1 3 29 53 442 
1 2 31 586 
1 2 31 626 
1 2 33 2148 
1 4 33 32 53 442 
1 2 33 2030 
1 3 53 442 487 
1 2 60 394 
1 2 76 618 
1 2 88 524 
1 2 93 2000 
1 2 104 777 
1 2 104 512 
1 2 104 1543 
1 2 111 738 
1 2 115 434 
1 3 115 586 247 
1 3 115 31 626 
1 2 156 606 
1 4 158 418 158 105 
1 2 158 418 
1 2 181 11 
1 2 181 436 
1 2 190 331 
1 2 190 247 
1 2 201 2000 
1 2 201 1884 
1 2 210 504 
1 3 210 105 433 
1 3 247 586 115 
1 2 247 586 
1 2 247 190 
1 2 259 433 
1 3 259 148 71 
1 2 259 148 
1 2 259 777 
1 3 259 104 512 
1 4 286 29 53 442 
1 2 331 437 
1 2 331 190 
1 2 352 618 
1 2 375 512 
1 2 375 1543 
1 2 375 736 
1 2 394 420 
1 2 394 60 
1 3 418 158 105 
1 2 418 158 
1 2 420 394 
1 4 420 394 784 437 
1 3 433 105 210 
1 2 433 259 
1 2 434 115 
1 2 434 711 
1 2 436 181 
1 3 436 181 504 
1 4 437 784 394 420 
1 2 437 331 
1 2 442 487 
1 4 442 53 32 33 
1 3 442 53 29 
1 4 442 53 29 286 
1 2 487 137 
1 2 487 442 
1 3 487 442 53 
1 2 487 738 
1 2 499 563 
1 3 504 181 436 
1 2 504 210 
1 3 512 104 259 
1 3 512 104 777 
1 2 512 104 
1 2 512 375 
1 2 524 88 
1 2 524 11 
1 2 563 499 
1 2 563 767 
1 2 586 31 
1 2 586 247 
1 2 606 156 
1 2 616 23 
1 2 618 76 
1 2 618 1650 
1 3 618 352 23 
1 2 618 736 
1 2 618 352 
1 3 626 31 115 
1 2 626 199 
1 2 626 31 
1 2 671 784 
1 2 674 685 
1 2 674 390 
1 3 674 685 19 
1 3 685 671 784 
1 2 685 674 
1 2 711 434 
1 2 736 375 
1 2 736 618 
1 3 736 375 1543 
1 2 738 487 
1 4 738 598 486 82 
1 2 738 598 
1 2 738 111 
1 2 767 563 
1 2 784 671 
1 3 784 671 685 
1 3 1543 375 736 
1 2 1543 375 
1 2 1543 104 
1 2 1650 618 
1 2 1884 201 
1 2 2000 93 
1 2 2000 201 
1 3 1329 1392 1372 
1 3 1329 1392 1372 
1 2 1329 1370 
1 3 1364 1372 1325 
1 2 1364 1372 
1 2 1364 1319 
1 3 1364 1392 1318 
1 3 1372 1379 1346 
1 3 1372 1379 1346 
1 2 1372 1319 
1 2 1372 1364 
1 2 1372 1392 
1 3 1372 1392 1329 
1 3 1372 1392 1318 
1 3 1372 1392 1329 
1 2 1392 1372 
1 15 1392 1364 1352 1320 1332 1397 1359 1348 1379 1346 1353 1387 1363 1336 1335 
1 14 1392 1364 1352 1320 1332 1397 1359 1348 1379 1346 1353 1387 1363 1336 
1 2 1392 1370 
1 2 1600 1643 
1 2 1643 1600 
1 2 1550 1984 
1 3 1582 1550 1984 
1 2 1689 1744 
1 2 1744 1689 
1 2 1744 1984 
1 2 1984 1550 
1 3 1984 1550 1582 
1 2 1984 1744 
1 3 794 1083 856 
1 2 794 1073 
1 3 794 1073 1191 
1 2 800 881 
1 2 800 1134 
1 2 800 1147 
1 2 820 1053 
1 3 820 1053 840 
1 2 820 1194 
1 2 825 1221 
1 3 825 983 859 
1 5 825 983 859 983 1202 
1 3 840 1053 820 
1 2 840 1053 
1 2 847 953 
1 3 856 980 1043 
1 2 856 1083 
1 3 856 1083 794 
1 2 859 983 
1 3 859 966 825 
1 2 881 1013 
1 2 881 1017 
1 2 881 800 
1 2 889 1223 
1 2 889 966 
1 2 889 908 
1 3 889 908 1223 
1 2 889 966 
1 3 908 947 1094 
1 2 908 889 
1 2 908 947 
1 2 908 947 
1 2 916 1191 
1 3 937 1036 2142 
1 5 947 790 1094 790 1072 
1 2 947 1094 
1 2 947 908 
1 2 947 1094 
1 2 947 908 
1 2 953 1117 
1 2 953 847 
1 3 955 859 983 
1 2 966 889 
1 2 966 1061 
1 2 966 889 
1 3 980 1043 1018 
1 4 980 1043 1018 1164 
1 3 983 859 1118 
1 3 983 859 955 
1 2 983 859 
1 2 986 1176 
1 2 986 1082 
1 2 994 1207 
1 2 1011 1194 
1 2 1011 1053 
1 4 1013 1202 825 1221 
1 2 1013 1202 
1 2 1013 1797 
1 2 1013 1049 
1 2 1013 881 
1 2 1017 881 
1 4 1017 800 1134 1239 
1 3 1017 1134 1239 
1 3 1018 994 980 
1 2 1036 2142 
1 2 1041 1082 
1 2 1041 1049 
1 2 1043 1205 
1 3 1043 980 856 
1 2 1047 976 
1 3 1047 976 896 
1 2 1047 976 
1 2 1049 1041 
1 2 1049 1013 
1 2 1053 820 
1 2 1053 840 
1 2 1053 1011 
1 2 1061 966 
1 2 1073 794 
1 2 1082 986 
1 2 1082 1041 
1 2 1083 856 
1 2 1117 953 
1 2 1118 1129 
1 3 1118 859 983 
1 2 1129 901 
1 2 1129 1118 
1 2 1134 800 
1 2 1147 1797 
1 2 1147 800 
1 3 1147 1134 1239 
1 4 1164 1018 994 980 
1 3 1164 1018 1205 
1 2 1176 986 
1 2 1191 916 
1 3 1191 1073 794 
1 2 1191 1194 
1 2 1194 820 
1 2 1194 1191 
1 2 1194 1011 
1 2 1202 1013 
1 5 1202 983 859 966 825 
1 3 1205 1018 1164 
1 2 1205 1043 
1 2 1207 994 
1 4 1221 825 1202 1013 
1 2 1221 825 
1 5 1221 825 966 908 1223 
1 2 1223 889 
1 5 1223 908 966 825 1221 
1 3 1223 908 889 
1 3 1239 1134 1017 
1 4 1239 1134 800 1017 
1 3 1239 1134 1147 
1 2 1541 2046 
1 2 1541 1542 
1 2 1542 1541 
1 3 1632 2075 2118 
1 2 1664 2109 
1 2 1692 1824 
1 2 1692 2143 
1 2 1692 2143 
1 2 1790 1797 
1 2 1790 1976 
1 2 1791 1883 
1 2 1797 1013 
1 2 1797 1147 
1 2 1797 1790 
1 2 1824 1692 
1 2 1825 1876 
1 2 1876 1825 
1 2 1876 2078 
1 2 1882 2109 
1 2 1882 2110 
1 2 1882 2110 
1 2 1883 1791 
1 2 1976 1790 
1 2 1977 2143 
1 2 2022 2078 
1 2 2022 2078 
1 2 2044 2145 
1 2 2044 2145 
1 2 2046 1541 
1 2 2075 2118 
1 2 2077 2191 
1 2 2077 2191 
1 2 2077 2191 
1 2 2078 1876 
1 2 2078 2022 
1 2 2078 2022 
1 2 2109 1664 
1 2 2109 1882 
1 2 2110 1882 
1 2 2110 1882 
1 2 2118 2075 
1 3 2118 2075 1632 
1 2 2118 2238 
1 2 2118 2238 
1 2 2142 1036 
1 3 2142 1036 937 
1 2 2143 1692 
1 2 2143 1977 
1 2 2143 1692 
1 2 2144 2236 
1 2 2145 2044 
1 2 2145 2044 
1 2 2186 2236 
1 2 2191 2077 
1 2 2191 2077 
1 2 2191 2077 
1 2 2236 2144 
1 2 2236 2186 
1 2 2238 2118 
1 2 2238 2118 
1 2 1470 2126 
1 2 1470 1660 
1 2 1472 2160 
1 2 1472 1828 
1 2 1474 2252 
1 2 1474 1828 
1 2 1511 1513 
1 2 1511 1512 
1 2 1511 1885 
1 2 1512 161 
1 2 1512 1471 
1 2 1512 1513 
1 2 1512 1511 
1 2 1513 1512 
1 2 1513 1511 
1 2 1660 1470 
1 2 1726 2130 
1 2 1726 2090 
1 2 1771 1828 
1 2 1771 1900 
1 2 1828 2160 
1 2 1828 1474 
1 2 1828 1472 
1 2 1828 1771 
1 2 1867 2126 
1 2 1867 2126 
1 2 1878 2087 
1 2 1885 1924 
1 2 1885 1511 
1 2 1885 1471 
1 2 1885 2252 
1 2 1900 1771 
1 2 1924 1885 
1 2 1926 2160 
1 2 1926 2160 
1 2 2031 2090 
1 2 2087 1878 
1 2 2090 1726 
1 2 2090 2031 
1 2 2126 1470 
1 2 2126 1867 
1 2 2126 1867 
1 2 2130 1726 
1 2 2160 1926 
1 2 2160 1828 
1 2 2160 1926 
1 2 2160 1472 
1 2 2252 1885 
1 2 2252 1474 
1 2 14 1564 
1 2 14 1564 
1 2 780 1995 
1 2 780 1995 
1 2 1563 1564 
1 3 1563 1564 2304 
1 2 1563 1564 
1 2 1564 2304 
1 2 1564 1563 
1 2 1564 1563 
1 2 1564 14 
1 2 1564 14 
1 2 1813 2307 
1 2 1995 1897 
1 2 1995 780 
1 2 1995 780 
1 2 2304 1564 
1 3 2304 1564 1563 
1 2 2307 1813 
1 2 2307 309 
1 2 2307 309 
1 2 1538 1540 
1 2 1538 1540 
1 2 1538 1540 
1 2 1539 1875 
1 2 1540 1538 
1 2 1540 1875 
1 2 1540 1538 
1 2 1540 1538 
1 2 1604 1693 
1 3 1605 2183 1725 
1 2 1605 2183 
1 2 1614 2071 
1 2 1629 2019 
1 2 1629 1956 
1 2 1654 1939 
1 2 1654 1939 
1 2 1693 1709 
1 3 1693 1604 2071 
1 2 1693 1604 
1 2 1693 1709 
1 2 1709 1693 
1 2 1709 1693 
1 2 1725 2072 
1 3 1725 2183 1605 
1 2 1875 1540 
1 2 1875 1938 
1 2 1875 1539 
1 2 1893 2072 
1 2 1893 2072 
1 2 1938 2070 
1 2 1938 1875 
1 2 1939 2293 
1 2 1939 2293 
1 2 1939 1654 
1 2 1939 1654 
1 2 1956 1629 
1 2 1956 2235 
1 2 2019 2185 
1 2 2019 1629 
1 2 2070 1938 
1 3 2071 1604 1693 
1 2 2071 1614 
1 2 2072 1725 
1 2 2072 2235 
1 2 2072 1893 
1 2 2072 2235 
1 2 2072 1893 
1 2 2183 1605 
1 2 2185 2294 
1 2 2185 2019 
1 2 2235 1956 
1 2 2235 2072 
1 2 2235 2072 
1 2 2293 1939 
1 2 2293 1939 
1 2 2294 2185 
1 2 1950 2101 
1 2 1950 1987 
1 2 1987 2101 
1 2 1987 1950 
1 2 2010 2011 
1 2 2011 2010 
1 2 2101 1987 
1 2 2101 1950 
1 2 1504 1838 
1 3 1504 1505 1504 
1 3 1504 1505 1504 
1 2 1505 2213 
1 2 1505 1518 
1 2 1518 1838 
1 2 1518 1505 
1 2 1518 1519 
1 2 1519 1838 
1 2 1519 1518 
1 2 1519 2269 
1 2 1838 1518 
1 2 1838 1519 
1 2 1838 1504 
1 2 1888 2213 
1 2 2213 1888 
1 2 2213 1505 
1 2 2269 1519 
1 4 24 221 680 610 
1 2 24 472 
1 3 24 221 680 
1 2 24 221 
1 2 48 558 
1 2 48 558 
1 2 48 599 
1 2 94 395 
1 2 94 215 
1 3 94 395 231 
1 2 100 227 
1 2 100 227 
1 3 101 180 102 
1 2 101 180 
1 5 101 180 334 312 631 
1 3 102 101 272 
1 3 102 132 1941 
1 3 102 180 101 
1 5 147 215 421 312 631 
1 2 147 215 
1 2 147 231 
1 3 147 788 624 
1 2 147 2202 
1 2 180 101 
1 2 180 312 
1 2 215 94 
1 2 215 147 
1 3 215 147 455 
1 3 215 147 788 
1 3 221 680 744 
1 3 221 24 472 
1 2 221 680 
1 2 221 24 
1 2 221 680 
1 2 227 100 
1 2 227 100 
1 4 227 100 455 231 
1 2 227 708 
1 3 231 395 94 
1 2 231 147 
1 4 231 455 100 227 
1 2 272 748 
1 3 272 101 102 
1 3 312 472 409 
1 2 312 180 
1 2 312 334 
1 5 334 180 101 409 472 
1 2 334 312 
1 2 395 1603 
1 2 395 94 
1 3 399 1827 2305 
1 9 409 272 101 472 24 221 680 610 120 
1 6 409 472 24 221 680 744 
1 2 409 472 
1 2 409 472 
1 3 409 472 312 
1 3 421 312 631 
1 4 421 312 631 164 
1 3 455 147 215 
1 2 472 409 
1 2 472 409 
1 5 472 409 101 180 334 
1 2 472 24 
1 3 472 24 221 
1 2 558 1603 
1 2 558 48 
1 2 558 48 
1 2 599 608 
1 2 599 608 
1 2 599 48 
1 2 608 599 
1 2 608 599 
1 4 610 680 221 24 
1 2 610 744 
1 2 610 744 
1 3 624 788 147 
1 5 631 312 334 180 101 
1 3 631 164 421 
1 2 631 164 
1 3 631 164 527 
1 5 631 164 421 215 147 
1 3 680 221 24 
1 2 680 221 
1 2 680 221 
1 2 742 2305 
1 2 742 1798 
1 2 744 610 
1 6 744 310 10 605 550 429 
1 6 744 680 221 24 472 409 
1 2 744 120 
1 2 744 610 
1 3 744 680 221 
1 9 748 101 472 24 221 680 744 310 10 
1 9 748 101 472 24 221 680 610 120 40 
1 2 748 272 
1 12 748 101 472 24 221 680 744 310 10 605 550 429 
1 9 748 101 472 24 221 680 744 310 10 
1 9 748 101 472 24 221 680 610 120 40 
1 3 788 147 215 
1 2 1603 558 
1 2 1603 395 
1 2 1798 1851 
1 2 1798 1851 
1 2 1798 742 
1 2 1827 2305 
1 2 1851 1913 
1 2 1851 1798 
1 2 1851 1798 
1 2 1851 1913 
1 2 1865 2309 
1 2 1896 1913 
1 2 1913 1896 
1 2 1913 2149 
1 2 1913 1851 
1 2 1913 1851 
1 2 1959 2306 
1 2 1996 2246 
1 2 1996 2198 
1 2 1996 2308 
1 2 1996 2308 
1 2 2080 2245 
1 2 2149 1913 
1 2 2149 2198 
1 2 2152 2309 
1 4 2152 2121 2152 2121 
1 2 2198 2149 
1 2 2198 1996 
1 2 2202 147 
1 2 2243 2305 
1 2 2245 2080 
1 2 2246 1996 
1 2 2305 2243 
1 2 2305 1827 
1 3 2305 1827 399 
1 2 2305 742 
1 2 2306 1959 
1 2 2308 1996 
1 2 2308 1996 
1 2 2309 1865 
1 2 2309 2152 
1 3 38 753 38 
1 3 38 753 38 
1 2 38 2032 
1 3 59 302 706 
1 2 59 452 
1 2 59 302 
1 3 59 302 364 
1 3 114 287 759 
1 2 114 287 
1 2 117 276 
1 2 117 469 
1 2 133 189 
1 2 133 189 
1 2 133 249 
1 2 189 133 
1 3 189 133 1765 
1 2 189 133 
1 2 189 196 
1 3 189 196 720 
1 2 196 287 
1 2 196 189 
1 2 230 469 
1 5 230 469 117 669 591 
1 2 240 591 
1 2 248 637 
1 3 248 364 302 
1 2 248 291 
1 2 249 133 
1 2 249 2316 
1 2 249 753 
1 2 249 2316 
1 2 249 2316 
1 2 276 720 
1 2 276 143 
1 2 276 117 
1 3 287 518 463 
1 2 287 114 
1 2 287 196 
1 2 302 706 
1 2 302 59 
1 2 302 364 
1 3 302 364 248 
1 3 302 342 452 
1 3 342 385 21 
1 2 342 706 
1 2 342 385 
1 2 342 452 
1 3 364 302 59 
1 4 364 458 364 458 
1 4 364 458 364 458 
1 3 364 473 511 
1 2 364 302 
1 2 364 458 
1 2 384 1613 
1 2 384 1613 
1 7 384 1710 536 1925 1785 1848 280 
1 2 384 518 
1 7 384 1710 536 1925 1785 1848 280 
1 2 384 518 
1 2 384 1637 
1 2 385 21 
1 3 385 342 706 
1 2 385 342 
1 3 452 342 302 
1 3 452 59 452 
1 2 452 59 
1 2 452 342 
1 3 452 59 452 
1 2 463 1637 
1 3 463 518 287 
1 2 463 1741 
1 2 466 706 
1 2 466 511 
1 6 466 511 473 364 473 637 
1 2 469 117 
1 2 469 230 
1 2 473 2032 
1 2 511 466 
1 3 511 473 364 
1 5 591 669 117 469 230 
1 2 591 240 
1 2 591 669 
1 2 669 591 
1 2 669 706 
1 3 706 342 385 
1 2 706 342 
1 2 706 669 
1 2 706 466 
1 3 706 342 59 
1 2 706 302 
1 3 720 196 189 
1 2 720 143 
1 2 720 276 
1 2 752 1927 
1 2 753 249 
1 2 759 2039 
1 2 759 2039 
1 3 759 287 114 
1 2 1637 463 
1 2 1637 1741 
1 2 1637 384 
1 2 1741 463 
1 2 1741 1637 
1 3 1765 133 189 
1 2 1927 752 
1 2 2032 38 
1 2 2032 473 
1 2 2316 249 
1 2 2316 249 
1 2 2316 249 
1 2 808 1182 
1 2 808 1150 
1 6 808 1150 1170 1080 818 963 
1 2 818 963 
1 2 843 1135 
1 2 854 1981 
1 2 854 1799 
1 2 854 1090 
1 2 854 968 
1 2 871 1123 
1 2 885 1123 
1 3 885 1235 934 
1 3 885 1235 934 
1 2 922 1090 
1 6 963 818 1080 1170 1150 808 
1 2 963 818 
1 2 970 1080 
1 2 970 1946 
1 2 1010 1005 
1 2 1010 1150 
1 2 1080 1170 
1 3 1080 1170 1090 
1 2 1080 970 
1 3 1080 970 1946 
1 2 1090 922 
1 3 1090 1170 1080 
1 2 1090 854 
1 2 1123 866 
1 3 1123 1135 1182 
1 2 1123 885 
1 2 1123 871 
1 3 1123 871 1142 
1 6 1123 871 1142 963 854 1052 
1 2 1135 843 
1 3 1135 808 1150 
1 2 1150 808 
1 3 1150 1010 1005 
1 3 1150 808 1135 
1 2 1150 1010 
1 2 1150 1170 
1 2 1170 1150 
1 2 1170 1080 
1 3 1182 1135 1123 
1 2 1182 808 
1 4 1182 1135 871 1142 
1 6 1182 1150 1010 1172 968 1052 
1 2 1677 1946 
1 2 1946 1677 
1 3 1946 970 1080 
1 2 1946 970 
1 2 1066 2123 
1 2 1066 2123 
1 2 1549 2028 
1 2 1549 2250 
1 2 1589 2155 
1 2 1589 1167 
1 2 1589 2155 
1 2 1589 1167 
1 2 1696 2125 
1 2 1696 2001 
1 2 1696 2156 
1 2 2001 2125 
1 2 2001 2125 
1 2 2001 1696 
1 2 2028 1549 
1 2 2051 2249 
1 2 2051 1166 
1 2 2123 1066 
1 2 2123 1066 
1 2 2125 2155 
1 2 2125 2001 
1 2 2125 2001 
1 2 2125 1696 
1 2 2155 1589 
1 2 2155 2125 
1 2 2155 1589 
1 2 2156 1696 
1 2 2249 1084 
1 2 2249 2051 
1 2 2250 1549 
1 2 1592 1849 
1 2 1612 2136 
1 2 1612 1670 
1 2 1612 1670 
1 2 1670 1612 
1 2 1670 1612 
1 2 1697 1988 
1 2 1697 1988 
1 2 1849 1592 
1 2 1849 1949 
1 2 1932 2221 
1 2 1932 2221 
1 2 1932 1988 
1 2 1949 1849 
1 2 1951 2034 
1 2 1988 1932 
1 2 1988 1697 
1 2 1988 1697 
1 2 1988 2037 
1 2 1988 2037 
1 2 2034 1951 
1 2 2036 2062 
1 2 2037 1988 
1 2 2037 1988 
1 2 2062 2036 
1 2 2062 2221 
1 2 2136 1612 
1 2 2170 2270 
1 2 2221 2062 
1 2 2221 1932 
1 2 2221 1932 
1 2 2270 2170 
1 2 1597 1729 
1 2 1674 2189 
1 2 1674 2189 
1 2 1729 1597 
1 2 1729 2076 
1 2 1752 2147 
1 2 1822 1844 
1 2 1844 1822 
1 2 2013 2139 
1 2 2015 2180 
1 2 2076 2189 
1 2 2076 1729 
1 2 2102 2216 
1 2 2139 2013 
1 2 2147 1752 
1 2 2178 2276 
1 2 2180 2015 
1 2 2180 2228 
1 2 2189 2076 
1 2 2189 1674 
1 2 2189 1674 
1 2 2216 2102 
1 2 2228 2283 
1 2 2228 2180 
1 2 2276 2178 
1 2 2283 2228 
1 2 6 91 
1 2 6 576 
1 2 6 627 
1 2 10 605 
1 9 10 310 744 680 221 24 472 101 748 
1 9 10 310 744 680 221 24 472 101 748 
1 2 57 2141 
1 2 57 672 
1 3 57 672 462 
1 2 78 1823 
1 2 80 253 
1 3 91 6 627 
1 2 91 6 
1 2 92 2111 
1 2 92 2111 
1 3 92 605 419 
1 2 92 429 
1 3 130 714 462 
1 2 130 625 
1 2 153 197 
1 2 153 197 
1 2 154 702 
1 2 154 325 
1 2 160 307 
1 3 160 307 771 
1 3 174 197 200 
1 4 174 197 200 314 
1 2 197 153 
1 2 197 153 
1 2 197 200 
1 2 200 2111 
1 2 200 197 
1 3 200 197 174 
1 2 200 400 
1 2 232 449 
1 2 253 778 
1 2 253 80 
1 3 253 80 573 
1 2 253 485 
1 3 279 450 714 
1 2 283 304 
1 2 283 449 
1 4 283 304 10 464 
1 2 293 358 
1 2 293 356 
1 2 301 325 
1 2 301 356 
1 2 304 283 
1 2 307 160 
1 2 307 771 
1 4 314 200 197 174 
1 2 314 497 
1 2 314 450 
1 2 325 154 
1 2 325 761 
1 2 325 301 
1 3 345 130 629 
1 2 345 625 
1 3 345 130 761 
1 2 356 301 
1 3 356 301 356 
1 3 356 301 356 
1 2 356 293 
1 2 356 627 
1 2 358 293 
1 3 358 730 234 
1 4 358 730 6 730 
1 2 396 625 
1 9 396 625 345 130 629 462 702 154 761 
1 2 400 2111 
1 2 400 200 
1 2 400 44 
1 3 419 605 92 
1 2 429 54 
1 2 429 628 
1 2 429 92 
1 3 429 550 605 
1 6 429 550 605 10 310 744 
1 2 429 1401 
1 4 429 54 551 749 
1 5 429 54 551 749 747 
1 2 429 54 
1 2 429 628 
1 12 429 550 605 10 310 744 680 221 24 472 101 748 
1 2 449 283 
1 2 449 232 
1 2 449 778 
1 4 449 10 464 465 
1 2 450 314 
1 2 450 714 
1 2 453 625 
1 3 462 672 57 
1 2 462 714 
1 3 462 714 130 
1 4 465 464 10 449 
1 4 464 10 304 283 
1 2 476 497 
1 2 485 253 
1 2 485 602 
1 2 494 2111 
1 2 497 314 
1 2 497 476 
1 2 538 672 
1 3 573 80 253 
1 2 602 485 
1 2 602 417 
1 3 605 550 429 
1 2 605 10 
1 2 625 130 
1 2 625 345 
1 2 625 453 
1 2 625 396 
1 2 627 1835 
1 2 627 6 
1 3 627 6 91 
1 2 627 356 
1 3 629 462 702 
1 3 629 130 345 
1 2 672 538 
1 2 672 57 
1 2 702 154 
1 3 702 462 629 
1 2 714 450 
1 2 714 462 
1 3 714 450 279 
1 4 730 6 730 358 
1 4 730 576 730 576 
1 3 761 130 345 
1 2 761 325 
1 9 761 154 702 462 629 130 345 625 396 
1 3 771 307 160 
1 2 771 307 
1 2 778 449 
1 2 778 253 
1 2 1779 1792 
1 2 1792 1779 
1 2 1792 1835 
1 2 1792 1835 
1 2 1823 78 
1 2 1835 627 
1 2 1835 1792 
1 2 1835 1792 
1 2 1911 2237 
1 2 1911 2021 
1 2 1911 2021 
1 2 1958 2237 
1 2 1958 2237 
1 2 1961 2151 
1 2 1961 2049 
1 2 1961 2049 
1 2 1961 2151 
1 2 1994 2193 
1 2 1994 2193 
1 2 2021 1911 
1 2 2021 1911 
1 2 2049 1961 
1 2 2049 1961 
1 2 2111 92 
1 2 2111 200 
1 2 2111 400 
1 2 2111 494 
1 2 2111 92 
1 2 2141 57 
1 2 2151 1961 
1 2 2151 1961 
1 2 2151 2199 
1 2 2151 2199 
1 2 2193 1994 
1 2 2193 1994 
1 2 2199 2151 
1 2 2199 2151 
1 2 2237 1958 
1 2 2237 1958 
1 2 2237 1911 
1 2 20 495 
1 2 20 162 
1 2 20 242 
1 5 56 305 273 209 273 
1 3 56 515 2260 
1 2 56 621 
1 3 56 515 566 
1 2 56 305 
1 3 72 1493 2319 
1 2 72 346 
1 2 72 729 
1 2 95 783 
1 2 157 447 
1 2 157 447 
1 2 162 580 
1 2 162 495 
1 2 162 1439 
1 2 162 580 
1 2 162 495 
1 2 162 20 
1 2 242 20 
1 2 242 783 
1 2 284 401 
1 3 284 401 713 
1 3 305 621 713 
1 12 305 56 515 448 592 454 648 729 72 1493 1494 1491 
1 10 305 56 515 448 592 454 648 729 72 1493 
1 5 305 56 621 273 589 
1 6 305 56 621 273 589 273 
1 2 305 56 
1 10 305 1722 209 273 589 273 621 56 305 273 
1 3 346 755 451 
1 2 346 72 
1 3 346 704 454 
1 2 401 284 
1 2 402 783 
1 2 402 451 
1 2 431 510 
1 3 431 346 704 
1 2 447 157 
1 2 447 157 
1 3 448 515 566 
1 2 448 592 
1 2 448 592 
1 2 451 402 
1 2 451 755 
1 3 451 755 346 
1 3 454 704 346 
1 2 454 704 
1 2 454 648 
1 2 454 592 
1 3 495 162 580 
1 2 495 1439 
1 3 495 162 580 
1 2 495 162 
1 2 495 162 
1 2 495 20 
1 3 510 451 537 
1 2 510 431 
1 2 513 581 
1 2 513 644 
1 3 515 56 713 
1 2 515 2260 
1 3 537 451 510 
1 4 566 284 401 713 
1 3 566 515 56 
1 3 566 515 448 
1 2 592 454 
1 2 592 448 
1 2 592 448 
1 4 621 273 589 273 
1 2 621 56 
1 2 644 513 
1 2 644 692 
1 2 648 729 
1 2 648 454 
1 2 692 644 
1 2 692 713 
1 3 704 346 431 
1 2 704 454 
1 2 713 692 
1 3 713 401 284 
1 4 713 401 284 566 
1 3 713 56 515 
1 3 713 621 305 
1 2 729 72 
1 2 729 648 
1 2 755 451 
1 2 783 242 
1 2 783 95 
1 2 783 402 
1 2 1568 1569 
1 2 1568 1569 
1 2 1568 1569 
1 2 1569 1568 
1 2 1569 1568 
1 2 1569 1568 
1 3 2260 515 56 
1 2 2260 515 
1 3 2319 1493 72 
