state={
	id=1
	name="STATE_1"
	resources={
		aluminium=0
		chromium=0
		oil=0
		rubber=0
		steel=1
		tungsten=0
		coal=0
	}
	provinces={
		20 22 34 43 56 57 58 68 72 73 85 95 101 102 106 124 127 132 134 136 150 153 157 162 170 179 180 184 191 200 205 209 211 213 216 221 226 241 242 244 265 271 272 273 277 282 284 292 305 306 312 318 324 328 330 334 346 371 377 383 401 402 409 410 413 416 421 428 431 435 440 441 444 447 448 451 454 461 470 472 475 495 498 507 508 510 513 514 515 537 538 564 566 577 579 580 581 583 588 589 592 607 609 620 621 631 633 640 644 645 647 648 652 654 672 682 692 693 704 713 724 727 729 734 735 741 745 748 755 764 766 779 781 783 786 790 793 794 797 800 802 804 810 820 825 830 833 834 836 837 838 840 844 847 850 851 853 855 856 859 861 874 876 880 881 888 889 893 896 897 901 904 905 907 908 909 913 914 916 918 921 925 932 935 936 937 940 943 947 953 954 955 966 967 972 973 976 980 981 982 983 986 994 996 997 998 1002 1007 1011 1013 1015 1017 1018 1019 1025 1030 1035 1036 1041 1042 1043 1044 1047 1049 1053 1056 1058 1060 1061 1063 1070 1071 1072 1073 1082 1083 1084 1085 1086 1088 1092 1094 1107 1113 1114 1117 1118 1122 1125 1129 1131 1134 1139 1141 1145 1146 1147 1151 1153 1154 1160 1162 1163 1164 1165 1175 1176 1177 1179 1191 1194 1197 1198 1202 1205 1207 1208 1209 1215 1216 1217 1221 1223 1224 1227 1230 1236 1237 1239 1242 1245 1246 1247 1248 1249 1250 1251 1252 1253 1254 1255 1256 1257 1258 1259 1260 1261 1262 1263 1264 1265 1266 1267 1268 1269 1270 1271 1272 1273 1274 1275 1276 1277 1278 1279 1280 1281 1282 1283 1284 1285 1286 1287 1288 1289 1290 1291 1292 1293 1294 1295 1296 1297 1298 1299 1300 1301 1302 1303 1304 1305 1306 1307 1308 1309 1310 1320 1328 1369 1390 1393 1395 1400 1401 1402 1403 1404 1405 1406 1407 1408 1409 1441 1442 1443 1444 1445 1446 1447 1448 1449 1450 1451 1452 1453 1454 1455 1456 1457 1458 1459 1460 1461 1475 1476 1477 1478 1479 1480 1481 1482 1483 1484 1485 1486 1488 1489 1490 1491 1492 1493 1494 1500 1501 1502 1504 1505 1509 1514 1518 1519 1524 1525 1526 1527 1528 1529 1530 1531 1532 1535 1538 1539 1540 1541 1542 1543 1544 1545 1547 1548 1554 1556 1558 1562 1568 1569 1570 1571 1572 1573 1575 1576 1591 1592 1597 1598 1599 1602 1603 1604 1605 1610 1612 1614 1615 1616 1617 1618 1620 1621 1622 1623 1624 1625 1629 1631 1638 1639 1641 1642 1646 1647 1649 1650 1651 1652 1654 1656 1657 1664 1666 1667 1668 1670 1673 1674 1679 1682 1684 1685 1686 1688 1691 1692 1693 1694 1695 1697 1698 1699 1700 1701 1702 1703 1707 1708 1709 1713 1714 1715 1716 1717 1719 1720 1722 1724 1725 1726 1727 1729 1731 1732 1733 1734 1735 1739 1740 1742 1743 1747 1748 1749 1751 1752 1753 1754 1755 1757 1767 1769 1770 1773 1774 1775 1777 1778 1780 1784 1788 1789 1790 1791 1794 1795 1796 1797 1803 1804 1807 1808 1809 1810 1811 1815 1816 1818 1819 1820 1822 1824 1827 1834 1837 1838 1839 1840 1841 1843 1844 1847 1849 1850 1852 1853 1854 1855 1856 1857 1862 1863 1864 1868 1869 1870 1871 1873 1874 1875 1880 1882 1883 1884 1888 1889 1890 1891 1892 1893 1894 1904 1905 1906 1907 1908 1909 1911 1912 1917 1918 1919 1920 1928 1930 1931 1932 1933 1934 1935 1936 1937 1938 1939 1941 1943 1947 1949 1950 1951 1952 1953 1954 1955 1956 1957 1958 1960 1962 1967 1969 1973 1974 1975 1976 1977 1978 1980 1985 1986 1987 1988 1989 1990 1991 1992 1993 2000 2008 2009 2010 2011 2012 2013 2015 2016 2017 2018 2019 2021 2023 2025 2031 2033 2034 2035 2036 2037 2038 2039 2040 2041 2042 2044 2045 2046 2048 2053 2060 2061 2062 2064 2065 2066 2067 2068 2069 2070 2071 2072 2073 2074 2075 2076 2088 2090 2091 2093 2095 2097 2098 2099 2100 2101 2102 2104 2105 2106 2107 2108 2109 2110 2112 2113 2114 2116 2117 2118 2119 2120 2127 2130 2131 2132 2134 2135 2136 2137 2138 2139 2140 2141 2142 2143 2144 2145 2147 2148 2165 2169 2170 2171 2172 2173 2174 2175 2176 2177 2178 2180 2181 2182 2183 2185 2186 2187 2188 2189 2190 2194 2195 2197 2202 2210 2212 2213 2214 2215 2216 2217 2218 2219 2220 2221 2222 2223 2224 2225 2226 2227 2228 2229 2230 2231 2232 2233 2235 2236 2237 2238 2239 2241 2243 2247 2255 2256 2260 2261 2262 2265 2267 2268 2269 2270 2271 2272 2273 2274 2275 2276 2277 2278 2279 2280 2281 2282 2283 2284 2285 2286 2287 2288 2289 2290 2291 2292 2293 2294 2295 2296 2297 2298 2302 2305 2309 2315 2316 2317 2318 2319 
	}
	manpower=1853201
	buildings_max_level_factor=1
	state_category=pastoral
	local_supplies=0
}
