state={
	id=101
	name="STATE_101"
	provinces={
		1407 1408 1409 1410 1411 1412 1413 1414 1415 1416 1417 1418 1419 1420 1421 1423 1426 1427 1429 1443 1444 1445 1446 1447 1448 1506 1507 1523 1524 1568 1584 1585 1592 1593 1594 1597 1611 1615 1616 1632 1646 1680 1681 1686 1690 1691 1694 1700 1706 1714 1717 1731 1732 1740 1748 1750 1753 1755 1769 1770 1777 1808 1815 1816 1837 1851 1852 1866 1870 1890 1904 1905 1930 1948 1984 1986 2009 2032 2034 2035 2059 2060 2061 2062 2170 2220 2224 2275 2278 2281 
	}
	
	history={
		owner = INS
	}
	
	manpower=0
	buildings_max_level_factor=1
	local_supplies=0
}
