state={
	id=114
	name="STATE_114"
	provinces={
		1277 1278 1280 1281 1282 1283 1284 1285 1286 1287 1289 1290 1291 1292 1293 1294 1295 1296 1297 1298 1299 1300 1301 1302 1305 1306 1307 1308 1309 1310 1311 1312 1313 1314 1315 1316 1317 1318 1319 1320 1321 1322 1323 1324 1325 1326 1327 1328 1329 1330 1332 1333 1334 1335 1336 1337 1338 1339 1340 1341 1342 1343 1344 1345 1346 1347 1348 1349 1350 1351 1352 1353 1354 1355 1356 1357 1358 1359 1360 1361 1362 1363 1364 1365 1366 1367 1368 1369 1370 1539 1650 1663 1730 1774 1781 1793 1806 1836 1844 1869 1888 1889 1902 1926 1943 1968 1980 1981 1983 2004 2005 2029 2091 2095 2163 2164 2168 2214 2262 2264 
	}
	
	history={
		owner = AST
	}
	
	manpower=0
	buildings_max_level_factor=1
	local_supplies=0
}
