state={
	id=128
	name="STATE_128"
	provinces={
		1207 1208 1209 1210 1211 1212 1213 1214 1215 1216 1217 1218 1219 1220 1221 1222 1223 1224 1225 1226 1227 1228 1229 1230 1231 1232 1233 1234 1235 1236 1237 1238 1239 1240 1241 1242 1243 1244 1245 1246 1247 1248 1249 1250 1251 1252 1253 1254 1255 1256 1257 1258 1259 1260 1261 1262 1263 1264 1265 1266 1267 1268 1269 1270 1271 1272 1273 1274 1275 1276 1562 1563 1640 1643 1662 1744 1765 1801 1849 1850 1923 1962 2002 2054 2055 2082 2085 2120 2158 2310 2311 
	}
	
	history={
		owner = DEN
	}
	
	manpower=0
	buildings_max_level_factor=1
	local_supplies=0
}
