state={
	id=13
	name="STATE_13"
	provinces={
		30 71 77 81 117 123 127 129 156 157 165 169 173 185 187 206 211 230 274 286 298 335 379 385 393 426 427 485 492 547 559 561 571 603 610 617 687 692 693 700 1495 1496 1498 1499 1500 1501 1545 1548 1558 1571 1575 1576 1580 1590 1602 1607 1621 1622 1627 1647 1667 1668 1675 1684 1685 1741 1742 1747 1762 1772 1791 1828 1843 1857 1868 1885 1912 1965 1978 2053 2090 2126 2161 2257 2258 
	}
	
	history={
		owner = MCW
	}
	
	manpower=0
	buildings_max_level_factor=1
	local_supplies=0
}
