state={
	id=137
	name="STATE_137"
	provinces={
		1441 1442 1443 1444 1445 1446 1447 1448 1449 1450 1451 1452 1453 1456 1458 1459 1460 1475 1476 1477 1478 1479 1480 1481 1514 1524 1525 1526 1527 1528 1576 1591 1598 1599 1602 1615 1620 1621 1622 1623 1639 1652 1685 1686 1691 1694 1695 1698 1703 1708 1717 1720 1734 1735 1743 1751 1753 1755 1757 1773 1774 1780 1811 1818 1819 1840 1854 1856 1870 1874 1892 1908 1909 1937 1955 1990 1992 2016 2038 2040 2041 2066 2067 2068 2069 2177 2226 2230 2285 2288 
	}
	
	history={
		owner = INS
	}
	
	manpower=0
	buildings_max_level_factor=1
	local_supplies=0
}
