state={
	id=34
	name="STATE_34"
	provinces={
		6 13 18 22 28 31 35 42 45 54 56 58 61 64 67 68 69 79 83 88 98 104 105 110 118 124 128 133 134 136 139 142 152 153 163 174 177 190 204 208 215 217 219 220 231 235 239 247 249 257 269 292 306 309 311 314 318 319 326 327 332 334 341 347 374 377 380 392 396 397 401 402 408 413 423 430 432 433 437 455 456 464 465 478 481 491 500 512 520 534 539 543 544 551 554 558 563 564 566 572 575 578 585 586 587 596 602 605 609 612 618 620 624 628 636 637 638 640 644 647 653 656 658 670 675 686 688 698 699 701 703 707 710 711 714 715 716 721 1497 1525 1526 1537 1538 1547 1566 1567 1634 1644 1679 1695 1704 1712 1713 1724 1735 1736 1785 1786 1882 1901 1994 2089 2256 
	}
	
	history={
		owner = WSI
	}
	
	manpower=0
	buildings_max_level_factor=1
	local_supplies=0
}
