state={
	id=56
	name="STATE_56"
	provinces={
		729 733 734 748 749 760 763 769 772 773 780 781 783 787 798 800 806 813 817 818 821 825 826 827 828 829 833 837 838 855 861 866 872 880 890 903 904 913 917 930 932 937 940 942 943 944 945 959 960 967 970 974 981 987 991 993 994 1004 1007 1026 1028 1035 1037 1038 1039 1045 1048 1058 1060 1073 1074 1078 1081 1083 1086 1091 1098 1101 1104 1106 1108 1109 1115 1116 1117 1118 1130 1132 1136 1137 1140 1142 1148 1150 1156 1157 1162 1171 1176 1184 1188 1190 1192 1196 1200 1204 1390 1391 1392 1393 1394 1395 1396 1397 1398 1399 1400 1401 1402 1403 1404 1405 1406 1457 1458 1468 1469 1470 1471 1472 1473 1474 1479 1480 1489 1490 1491 1492 1493 1508 1509 1510 1514 1515 1516 1530 1531 1532 1540 1550 1552 1553 1565 1569 1570 1577 1579 1595 1605 1628 1637 1638 1639 1656 1658 1671 1673 1676 1709 1718 1734 1743 1754 1759 1768 1779 1799 1803 1826 1856 1924 1941 1963 1964 2001 2051 2052 2122 2160 2252 2253 2260 
	}
	
	history={
		owner = CAN
	}
	
	manpower=0
	buildings_max_level_factor=1
	local_supplies=0
}
