state={
	id=58
	name="STATE_58"
	provinces={
		739 744 751 759 764 767 775 776 777 778 786 789 791 792 799 801 812 815 834 844 848 853 857 858 862 863 865 871 873 877 882 883 885 887 889 893 898 901 902 905 907 909 914 915 919 923 926 928 935 938 939 946 948 953 954 957 964 989 990 992 995 997 998 1013 1020 1021 1024 1029 1032 1034 1040 1041 1056 1057 1063 1066 1068 1071 1076 1077 1079 1088 1089 1090 1093 1105 1110 1114 1124 1125 1126 1133 1144 1158 1169 1172 1177 1179 1182 1186 1195 1544 1572 1573 1578 1581 1588 1604 1620 1624 1633 1649 1657 1665 1692 1701 1720 1758 1778 1784 1797 1798 1818 1875 1884 1899 1911 1956 1957 1959 1975 1993 1995 2021 2022 2045 2048 2049 2079 2083 2116 2118 2149 2152 2199 2200 2201 2243 2244 2305 2306 2307 2308 
	}
	
	history={
		owner = ALA
	}
	
	manpower=0
	buildings_max_level_factor=1
	local_supplies=0
}
