state={
	id=86
	name="STATE_86"
	provinces={
		789 798 803 805 808 811 815 818 828 829 843 854 862 864 865 866 867 871 877 882 885 899 902 906 917 922 929 933 934 938 941 949 956 963 968 970 974 985 988 990 1001 1010 1016 1020 1051 1052 1055 1076 1080 1090 1100 1102 1105 1116 1123 1135 1138 1142 1150 1169 1170 1178 1182 1184 1185 1204 1211 1222 1233 1235 1238 1410 1411 1412 1413 1414 1415 1416 1417 1418 1419 1420 1421 1422 1423 1424 1425 1426 1427 1428 1429 1430 1431 1432 1433 1434 1435 1436 1437 1438 1439 1440 1487 1497 1498 1499 1503 1515 1516 1517 1520 1533 1534 1536 1537 1546 1551 1552 1557 1559 1560 1574 1577 1578 1584 1587 1600 1609 1635 1643 1644 1645 1661 1663 1676 1677 1678 1681 1712 1721 1724 1737 1746 1756 1761 1772 1782 1802 1806 1829 1860 1929 1946 1948 1970 1971 2007 2057 2058 2128 2129 2167 2258 2259 2266 
	}
	
	history={
		owner = CAN
	}
	
	manpower=0
	buildings_max_level_factor=1
	local_supplies=0
}
