state={
	id=87
	name="STATE_87"
	provinces={
		791 795 799 807 809 814 817 819 821 824 831 839 842 845 858 863 868 887 890 891 895 910 915 919 924 926 927 930 939 944 945 948 950 952 957 959 960 965 969 984 989 993 999 1000 1003 1004 1005 1009 1014 1021 1023 1024 1026 1028 1029 1032 1037 1039 1045 1046 1050 1054 1059 1062 1064 1066 1068 1087 1089 1091 1097 1098 1099 1101 1106 1109 1110 1112 1120 1121 1124 1128 1130 1132 1133 1136 1137 1144 1149 1158 1159 1167 1171 1172 1173 1174 1181 1186 1187 1188 1190 1193 1195 1196 1206 1210 1213 1218 1219 1220 1232 1240 1244 1549 1580 1585 1586 1589 1590 1594 1608 1626 1630 1640 1655 1662 1669 1696 1704 1723 1760 1781 1786 1799 1800 1801 1821 1842 1877 1886 1901 1915 1963 1964 1965 1966 1981 1999 2001 2028 2029 2051 2054 2055 2086 2089 2123 2124 2125 2155 2156 2159 2161 2206 2207 2208 2249 2250 2251 2253 2312 2313 2314 
	}
	
	history={
		owner = ALA
	}
	
	manpower=0
	buildings_max_level_factor=1
	local_supplies=0
}
