state={
	id=92
	name="STATE_92"
	provinces={
		3 7 11 19 23 29 31 39 42 47 49 51 53 60 63 65 66 69 71 75 76 79 88 93 104 105 109 111 113 115 119 121 141 145 146 148 156 158 159 169 181 187 190 192 198 199 201 210 228 233 236 246 247 255 257 258 259 260 261 266 286 295 300 308 315 317 319 320 323 329 331 332 339 340 350 351 352 375 381 390 393 394 397 414 418 420 425 433 434 436 437 438 442 443 456 471 481 486 489 499 504 512 516 523 524 532 540 544 554 559 561 562 563 578 586 587 593 598 601 603 606 616 618 619 626 630 642 650 665 671 673 674 677 684 685 686 694 707 711 718 722 736 738 743 751 754 756 767 768 776 777 784 787 1509 1529 1543 1554 1575 1641 1650 1684 1699 1707 1715 1716 1727 1738 1739 1775 1787 1788 1884 1904 2000 2006 2095 2261 2262 
	}
	
	history={
		owner = WSI
	}
	
	manpower=0
	buildings_max_level_factor=1
	local_supplies=0
}
